business_name,search_category,primary_category,all_categories,pincode,circle,region,division,major_offices,phone_number,website,rating,reviews_count,address,area,latitude,longitude,place_id,place_url,part_id,crawled_at,s_no
"Colors By Sushmita || Makeup, Nail Art & Eyelash Extension Studio",Bridal Makeup Artist,Make-up artist,"Make-up artist, Nail salon",741246,West Bengal Circle,Kolkata Region,Nadia South Division,"Mohanpur SO Nadia, Haringhat River Research Insti BO",+91 82503 12020,N/A,5.0,,"Ward No-13 Digha Para, Barajaguli, West Bengal 741221",741246,22.9384619,88.5421813,ChIJX0LAAP2_-DkRk7uZgDWGf4I,https://www.google.com/maps/place/?q=place_id:ChIJX0LAAP2_-DkRk7uZgDWGf4I,part_332,2026-09-20 20:17:52,3897
MILLI'S MAKEOVER AND MAKEUP STUDIO,Bridal Makeup Artist,Make-up artist,Make-up artist,741246,West Bengal Circle,Kolkata Region,Nadia South Division,"Mohanpur SO Nadia, Haringhat River Research Insti BO",+91 81024 58861,N/A,4.7,,"Ghoshpara, Narayanpur Ganga Apartment, Ground Floor P.O- P.S, Rajarhat, Kolkata, West Bengal 700136","Gopalpur I, Narayanpur, Rajarhat",22.646336599999998,88.4598657,ChIJlV60FHmf-DkRozbKclCOkZo,https://www.google.com/maps/place/?q=place_id:ChIJlV60FHmf-DkRozbKclCOkZo,part_332,2026-09-20 20:17:52,3898
Kanika's Makeover And Academy,Bridal Makeup Artist,Make-up artist,Make-up artist,741246,West Bengal Circle,Kolkata Region,Nadia South Division,"Mohanpur SO Nadia, Haringhat River Research Insti BO",N/A,https://kanikasmakeover.com/,,,"Kanchrapara - Haringhata Rd, Raghunathpur, Barajaguli, West Bengal 741249",741246,22.9494749,88.551119,ChIJrWPwt3O5-DkRf7kcrYrnGMs,https://www.google.com/maps/place/?q=place_id:ChIJrWPwt3O5-DkRf7kcrYrnGMs,part_332,2026-09-20 20:17:52,3899
"Puja,s makeover.",Bridal Makeup Artist,Make-up artist,Make-up artist,741246,West Bengal Circle,Kolkata Region,Nadia South Division,"Mohanpur SO Nadia, Haringhat River Research Insti BO",N/A,N/A,,,"word-4, Harighata laupala, Haringhata, West Bengal 741249",741246,22.9370214,88.5149986,ChIJ0WcA2be_-DkRi2LC90LT4V4,https://www.google.com/maps/place/?q=place_id:ChIJ0WcA2be_-DkRi2LC90LT4V4,part_332,2026-09-20 20:17:52,3900
Sneha Bhowmick - Makeup Artist (Makeup Studio & Academy),Bridal Makeup Artist,Make-up artist,Make-up artist,741246,West Bengal Circle,Kolkata Region,Nadia South Division,"Mohanpur SO Nadia, Haringhat River Research Insti BO",+91 91632 11360,https://instagram.com/makeupby_snehabhowmick,4.8,,"Block 1 Flat, SRIJAN MIDLANDS, 1 D, Jessore Rd, Fortune City, Madhyamgram, Kolkata, West Bengal 700132","Fortune City, Madhyamgram",22.6786235,88.45623479999999,ChIJNcoS-IGf-DkRxUKmQp1y9IQ,https://www.google.com/maps/place/?q=place_id:ChIJNcoS-IGf-DkRxUKmQp1y9IQ,part_332,2026-09-20 20:17:53,3901
Chhetri's Makeover Professional Ladies Salon & Academy,Bridal Makeup Artist,Make-up artist,"Make-up artist, Barber shop, Emergency care service, Hair extension technician, Hair removal service, Hair salon, Beauty Parlour, Skin care clinic, Stylist",741246,West Bengal Circle,Kolkata Region,Nadia South Division,"Mohanpur SO Nadia, Haringhat River Research Insti BO",+91 91633 31218,https://chhetrimakeoverladiessalon.netlify.app/,5.0,,"Bus Stand, Premises No 00-0090, Shop No AE/88 Ground Floor North 24 Paraganas, Barasat, Street Number 90, near New Town, Action Area I, Sadar, Newtown, Kolkata, West Bengal 700163","Action Area I, Sadar, Newtown",22.5865688,88.456677,ChIJhfZMAAB1AjoR8LLwHQT97gQ,https://www.google.com/maps/place/?q=place_id:ChIJhfZMAAB1AjoR8LLwHQT97gQ,part_332,2026-09-20 20:17:53,3902
Jayanti's Makeup Studio & Beauty Salon (Academy),Bridal Makeup Artist,Make-up artist,"Make-up artist, Beautician, Facial spa",741246,West Bengal Circle,Kolkata Region,Nadia South Division,"Mohanpur SO Nadia, Haringhat River Research Insti BO",+91 94322 23028,http://jayantismakeoverandparlour.online/,4.9,,"Mamoni Apartment, BA 37, Jhilpar, Desh Bandhu Nagar, Baguiati, Kolkata, West Bengal 700059","Jhilpar, Desh Bandhu Nagar, Baguiati",22.613572599999998,88.4253873,ChIJ2ekClTef-DkRzgedYwXxK28,https://www.google.com/maps/place/?q=place_id:ChIJ2ekClTef-DkRzgedYwXxK28,part_332,2026-09-20 20:17:53,3903
JAS MAKEOVER | Makeup artist in Kolkata,Bridal Makeup Artist,Make-up artist,Make-up artist,741246,West Bengal Circle,Kolkata Region,Nadia South Division,"Mohanpur SO Nadia, Haringhat River Research Insti BO",+91 82966 36475,https://www.instagram.com/jas_makeover82966/,4.9,,"133, chaltabagan, Vivekananda Rd, Manicktala, Kolkata, West Bengal 700006","Manicktala, Azad Hind Bag",22.585604099999998,88.36960739999999,ChIJ4Q5KsEl2AjoRpOTCaz5ycXk,https://www.google.com/maps/place/?q=place_id:ChIJ4Q5KsEl2AjoRpOTCaz5ycXk,part_332,2026-09-20 20:17:53,3904
Moumita'ss Makeup Artistry,Bridal Makeup Artist,Make-up artist,Make-up artist,741246,West Bengal Circle,Kolkata Region,Nadia South Division,"Mohanpur SO Nadia, Haringhat River Research Insti BO",+91 98369 99119,https://moumitassmakeupartistry.in/,4.6,,"Shivam Apartment, 368/D, SN Roy Rd, Sahapur, New Alipore, Kolkata, Flat2E, West Bengal 700038","Sahapur, New Alipore",22.5076496,88.3304208,ChIJ8V2wButxAjoRnz41MF2zEGk,https://www.google.com/maps/place/?q=place_id:ChIJ8V2wButxAjoRnz41MF2zEGk,part_332,2026-09-20 20:17:53,3905
NAMRATA'S MAKE UP STUDIO & ACADEMY,Bridal Makeup Artist,Make-up artist,"Make-up artist, Beauty Parlour",741246,West Bengal Circle,Kolkata Region,Nadia South Division,"Mohanpur SO Nadia, Haringhat River Research Insti BO",+91 91635 77755,N/A,3.6,,"Namrata's make up studio & academy, 1/4, Bawali Mandal Rd, opp. PSC Building, Lalpara, Mudiali, Kalighat, Kolkata, West Bengal 700026","Lalpara, Mudiali, Kalighat",22.5101051,88.3445946,ChIJHQO3Z4ZxAjoRKC727wcvkOM,https://www.google.com/maps/place/?q=place_id:ChIJHQO3Z4ZxAjoRKC727wcvkOM,part_332,2026-09-20 20:17:53,3906
Divya Bridal Makeup Artist,Bridal Makeup Artist,Make-up artist,Make-up artist,741246,West Bengal Circle,Kolkata Region,Nadia South Division,"Mohanpur SO Nadia, Haringhat River Research Insti BO",+91 79759 01152,N/A,5.0,,"10/3-7, Sony Complex, 2nd floor, Dodda Banaswadi Main Rd, next to Bharat Petroleum Pump, Jaibharath Nagar, Bengaluru, Karnataka 560033","Jaibharath Nagar, Sathya Nagar, Maruthi Sevanagar",13.0016629,77.63175009999999,ChIJq7CYqmYXrjsRkjK1pKsmwoc,https://www.google.com/maps/place/?q=place_id:ChIJq7CYqmYXrjsRkjK1pKsmwoc,part_332,2026-09-20 20:17:54,3907
Bridal Makeup Artist by Khushbu,Bridal Makeup Artist,Make-up artist,"Make-up artist, Beauty Parlour, Model portfolio studio, Nail salon, Waxing hair removal service",741246,West Bengal Circle,Kolkata Region,Nadia South Division,"Mohanpur SO Nadia, Haringhat River Research Insti BO",+91 79057 27415,N/A,4.8,,"Shop 01, Ganesh chandra apartment, near Ip Mughal, near Global Dignostic Center, Nai Basti, Chandauli, Pandit Deen Dayal Upadhyaya Nagar, Uttar Pradesh 232101","Nai Basti, Chandauli",25.2897577,83.1031841,ChIJp3nCLT07jjkRRfAi4evOp8U,https://www.google.com/maps/place/?q=place_id:ChIJp3nCLT07jjkRRfAi4evOp8U,part_332,2026-09-20 20:17:54,3908
MakeupandhairbyShuchi,Bridal Makeup Artist,Make-up artist,Make-up artist,741246,West Bengal Circle,Kolkata Region,Nadia South Division,"Mohanpur SO Nadia, Haringhat River Research Insti BO",+91 99637 29087,https://www.instagram.com/makeupandhairbyshuchi?igsh=MTd6YTFzajZyY24xNA==,5.0,,"Indira Nagar, Gachibowli, Hyderabad, Telangana 500032","Indira Nagar, Gachibowli",17.4386522,78.3557684,ChIJmcEbwS4pzYwRMlImJu7Mkw4,https://www.google.com/maps/place/?q=place_id:ChIJmcEbwS4pzYwRMlImJu7Mkw4,part_332,2026-09-20 20:17:54,3909
Makeup By Sarita | Mekeup Artist | Bridal Makeup | Engagement Makeup| Pre Bridal Makeup,Bridal Makeup Artist,Make-up artist,Make-up artist,741246,West Bengal Circle,Kolkata Region,Nadia South Division,"Mohanpur SO Nadia, Haringhat River Research Insti BO",+91 96343 13917,https://makeupbysarita.in/,5.0,,"House No 108, Line No 2C, Post Office Rd, New Basti, Clement Town, Dehradun, Bharu Wala Grant, Uttarakhand 248002","New Basti, Clement Town",30.2615402,77.99771059999999,ChIJf_DEbTTQokERmfSJOn_pOJU,https://www.google.com/maps/place/?q=place_id:ChIJf_DEbTTQokERmfSJOn_pOJU,part_332,2026-09-20 20:17:54,3910
Anshika Professional Bridal Makeup Artist - Best Makeover Studio,Bridal Makeup Artist,Make-up artist,"Make-up artist, Beauty Parlour, Bridal shop, Service establishment",741246,West Bengal Circle,Kolkata Region,Nadia South Division,"Mohanpur SO Nadia, Haringhat River Research Insti BO",+91 85271 34303,N/A,4.8,,"Anshika Professional Bridal Makeup Artist - Best Makeover Studio, 741246, India",741246,28.627177,77.0533134,ChIJJZEh6YYDDTkRzkIB4EiN03Y,https://www.google.com/maps/place/?q=place_id:ChIJJZEh6YYDDTkRzkIB4EiN03Y,part_332,2026-09-20 20:17:54,3911
Hemal Thakkar Makeup studio and Academy,Bridal Makeup Artist,Make-up artist,"Make-up artist, Service establishment",741246,West Bengal Circle,Kolkata Region,Nadia South Division,"Mohanpur SO Nadia, Haringhat River Research Insti BO",+91 99204 55422,N/A,5.0,,"Hemal Thakkar Makeup studio and Academy, 741246, India",741246,21.0680074,82.7525294,ChIJ8XtbudzJ5zsRRMErRoHELFE,https://www.google.com/maps/place/?q=place_id:ChIJ8XtbudzJ5zsRRMErRoHELFE,part_332,2026-09-20 20:17:54,3912
"Neha's Makeover Studio, Kolkata",Bridal Makeup Artist,Make-up artist,"Make-up artist, Beautician, Facial spa, Foot care, Beauty Parlour, Nail salon, Spa, Hairdresser, Waxing hair removal service",741246,West Bengal Circle,Kolkata Region,Nadia South Division,"Mohanpur SO Nadia, Haringhat River Research Insti BO",+91 89100 34228,N/A,4.5,,"1st Floor, Meghmala Apartment, Garia Station Rd, near Dhalai Bridge, Sukanta Nagar, Garia, Kolkata, West Bengal 700084","Sukanta Nagar, Garia",22.4659287,88.3923956,ChIJuxudHcpxAjoRL5kLcq3xITI,https://www.google.com/maps/place/?q=place_id:ChIJuxudHcpxAjoRL5kLcq3xITI,part_332,2026-09-20 20:17:54,3913
Priyanka Makeup Artistry uttarpara,Bridal Makeup Artist,Make-up artist,Make-up artist,741247,West Bengal Circle,Kolkata Region,Nadia South Division,Pritinagar SO,+91 70034 64605,https://www.facebook.com/muapriyankadasmakeupartistry/,4.9,,"38, TN Mukherjee Rd, Makhla, Uttarpara, West Bengal 712245",Makhla,22.665331899999998,88.3373601,ChIJISgdAPCd-DkROPCxfE-0SSE,https://www.google.com/maps/place/?q=place_id:ChIJISgdAPCd-DkROPCxfE-0SSE,part_332,2026-09-20 20:18:39,8414
Bridal By Smriti - Best Make-up & Academy in Howrah (ISO Certified),Bridal Makeup Artist,Make-up artist,Make-up artist,741247,West Bengal Circle,Kolkata Region,Nadia South Division,Pritinagar SO,+91 96740 53507,https://www.facebook.com/bridalbysmriti,5.0,,"2nd Floor, Flat 7, Kalyani Apartment, 700, Sarat Chatterjee Rd, Chatterjihat Bazar, Naora, Shibpur, Howrah, West Bengal 711104","Chatterjihat Bazar, Naora, Shibpur",22.571948499999998,88.3097547,ChIJ5-GhfAB5AjoReRm8u5dl-bo,https://www.google.com/maps/place/?q=place_id:ChIJ5-GhfAB5AjoReRm8u5dl-bo,part_332,2026-09-20 20:18:39,8415
The Makeup Saga - Bridal Makeup Artist,Bridal Makeup Artist,Make-up artist,"Make-up artist, Artist, Beautician, Beauty Parlour, Bridal shop, Hairdresser",741247,West Bengal Circle,Kolkata Region,Nadia South Division,Pritinagar SO,+91 70440 02576,https://www.facebook.com/themakeupsaga06,4.8,,"3B, Dhakuria Station Rd, Dhakuria, Kolkata, West Bengal 700031",Dhakuria,22.510333,88.3707314,ChIJv2Hejc5xAjoRL8W4y-vdsrE,https://www.google.com/maps/place/?q=place_id:ChIJv2Hejc5xAjoRL8W4y-vdsrE,part_332,2026-09-20 20:18:39,8416
Piyali's Makeover (Professional makeup artist),Bridal Makeup Artist,Make-up artist,Make-up artist,741247,West Bengal Circle,Kolkata Region,Nadia South Division,Pritinagar SO,+91 62900 78782,https://www.piyalismakeover4u.com/,4.7,,"Ekta Lotus, The, 18, Gobra Gorasthan Rd, Seal Lane, Tangra, Kolkata, West Bengal 700046","Seal Lane, Tangra",22.5489002,88.3805588,ChIJ9Wh2D-d3AjoR2518YQ-gTOc,https://www.google.com/maps/place/?q=place_id:ChIJ9Wh2D-d3AjoR2518YQ-gTOc,part_332,2026-09-20 20:18:39,8417
Priti's Bridal Makeup & Artistry,Bridal Makeup Artist,Make-up artist,Make-up artist,741247,West Bengal Circle,Kolkata Region,Nadia South Division,Pritinagar SO,+91 80173 49946,N/A,,,"MATRI BHABAN, DE-159/1, East Narayan Tala, Ashwini Nagar, Baguiati, Kolkata, West Bengal 700159","East Narayan Tala, Ashwini Nagar, Baguiati",22.606767899999998,88.43031529999999,ChIJ68hHHKF1AjoRjI3fgdzMsRM,https://www.google.com/maps/place/?q=place_id:ChIJ68hHHKF1AjoRjI3fgdzMsRM,part_332,2026-09-20 20:18:39,8418
Sandhya’s makeover & academy,Bridal Makeup Artist,Make-up artist,Make-up artist,741247,West Bengal Circle,Kolkata Region,Nadia South Division,Pritinagar SO,+91 98511 03737,https://www.facebook.com/bridalmakeupartistfromKolkata,5.0,,"476, SK Deb Rd, near Gandhi seva sadan hospital, Sreebhumi, Lake Town, South Dumdum, Kolkata, West Bengal 700048","Sreebhumi, Lake Town",22.6015536,88.4027476,ChIJr3HXkHF1AjoR8A3H5347yAM,https://www.google.com/maps/place/?q=place_id:ChIJr3HXkHF1AjoR8A3H5347yAM,part_332,2026-09-20 20:18:39,8419
Anju Makeup artist,Bridal Makeup Artist,Make-up artist,"Make-up artist, Beauty Products Wholesaler, Beauty Parlour, Dress and tuxedo rental service",741247,West Bengal Circle,Kolkata Region,Nadia South Division,Pritinagar SO,+91 82406 96780,N/A,4.9,199.0,"Bagmore, kumarpara, near boys club) mansatala, Kanchrapara, West Bengal 743135",Kanchrapara Loco,22.9111795,88.4356711,ChIJBy0uOZGV-DkRiVxEBdAa7Dk,https://www.google.com/maps/place/?q=place_id:ChIJBy0uOZGV-DkRiVxEBdAa7Dk,part_332,2026-09-20 20:18:39,8420
Rama’s makeup studio & Academy,Bridal Makeup Artist,Make-up artist,Make-up artist,741247,West Bengal Circle,Kolkata Region,Nadia South Division,Pritinagar SO,+91 96094 55319,https://www.facebook.com/share/16EjnNxZWq/?mibextid=wwXIfr,5.0,1.0,"Mahishadal, Garh Kamalpur, West Bengal 721628",741247,22.181359699999998,87.9898205,ChIJUVdJB_HtAjoRC3tcfZ8nu7E,https://www.google.com/maps/place/?q=place_id:ChIJUVdJB_HtAjoRC3tcfZ8nu7E,part_332,2026-09-20 20:18:39,8421
Makeup Artist SHREYA,Bridal Makeup Artist,Make-up artist,Make-up artist,741247,West Bengal Circle,Kolkata Region,Nadia South Division,Pritinagar SO,+91 79805 41691,N/A,5.0,,"BORAL, 108, Lakepally Rd, Garia, Rajpur Sonarpur, West Bengal 700154","Green Park, Garia",22.4494552,88.3773492,ChIJ2d8Q2JhxAjoR36j_hWLWc5g,https://www.google.com/maps/place/?q=place_id:ChIJ2d8Q2JhxAjoR36j_hWLWc5g,part_332,2026-09-20 20:18:41,8422
IMB INSTITUTE,Bridal Makeup Artist,Make-up artist,"Make-up artist, Beauty Parlour",741248,West Bengal Circle,Kolkata Region,Nadia South Division,"Simurali SO, Bhagirathisilpaashram BO, Chanduria BO",+91 81014 06720,https://www.facebook.com/imbinstitute.in/,4.5,,"Udaynagar, Chakdaha, West Bengal 741222",741248,23.0693378,88.54211,ChIJMxAZimrB-DkRPPoz8hsVJeA,https://www.google.com/maps/place/?q=place_id:ChIJMxAZimrB-DkRPPoz8hsVJeA,part_332,2026-09-20 20:19:22,10978
SD Makeup Studio Academy/Soma Dutta,Bridal Makeup Artist,Make-up artist,Make-up artist,741248,West Bengal Circle,Kolkata Region,Nadia South Division,"Simurali SO, Bhagirathisilpaashram BO, Chanduria BO",+91 78729 76758,N/A,5.0,,"Singher Bagan Rd, Chakdaha, Chhatimtala, West Bengal 741222",741248,23.074693999999997,88.5459714,ChIJYXvMP0zB-DkROfbE-X1mV7o,https://www.google.com/maps/place/?q=place_id:ChIJYXvMP0zB-DkROfbE-X1mV7o,part_332,2026-09-20 20:19:22,10979
Riya makeover studio,Bridal Makeup Artist,Make-up artist,Make-up artist,741248,West Bengal Circle,Kolkata Region,Nadia South Division,"Simurali SO, Bhagirathisilpaashram BO, Chanduria BO",+91 97481 58798,N/A,5.0,,"Madanpur ( tetul tola) , nadia, p.s- Chakdaha, p.o- alaipur, Kolkata, West Bengal 741245",741248,23.0113406,88.4769156,ChIJFU-60Fnr-DkRVMRvCZxy-aE,https://www.google.com/maps/place/?q=place_id:ChIJFU-60Fnr-DkRVMRvCZxy-aE,part_332,2026-09-20 20:19:22,10980
Bandana's Makeover,Bridal Makeup Artist,Make-up artist,"Make-up artist, Beautician, Charter school, Beauty Parlour, Hairdresser",741248,West Bengal Circle,Kolkata Region,Nadia South Division,"Simurali SO, Bhagirathisilpaashram BO, Chanduria BO",+91 89102 68302,https://www.facebook.com/share/1DiC6A6pum/,5.0,,"Anandanagar Kalyani, 24, Kolkata, West Bengal 741245",741248,22.9752752,88.4861579,ChIJq6qqqu6_-DkRxzl7oeNx_Ik,https://www.google.com/maps/place/?q=place_id:ChIJq6qqqu6_-DkRxzl7oeNx_Ik,part_332,2026-09-20 20:19:22,10981
Rupali makeup studio & beauty parlor,Bridal Makeup Artist,Make-up artist,Make-up artist,741248,West Bengal Circle,Kolkata Region,Nadia South Division,"Simurali SO, Bhagirathisilpaashram BO, Chanduria BO",+91 83489 66792,https://www.facebook.com/share/1LhtKPmDwY/,5.0,,"3FG6+XW8 Manimala Das property, Rukespur Rd, Paranpur, Hatikanda, West Bengal 712501",741248,23.0774185,88.46205549999999,ChIJB8WAdQDr-DkRw5K4O_bNTqk,https://www.google.com/maps/place/?q=place_id:ChIJB8WAdQDr-DkRw5K4O_bNTqk,part_332,2026-09-20 20:19:22,10982
Sathi's Makeup Studio & Academy - Bridal Makeup Artist Sathi,Bridal Makeup Artist,Make-up artist,Make-up artist,741248,West Bengal Circle,Kolkata Region,Nadia South Division,"Simurali SO, Bhagirathisilpaashram BO, Chanduria BO",N/A,N/A,4.8,,"1st - Floor, 134, GT Rd, beside UCO Bank, near Udayan Cinema Hall, Sheoraphuli, Hooghly, West Bengal 712223",Sheoraphuli,22.7772941,88.3253641,ChIJ18wEOC2b-DkRty0xpbwjJPI,https://www.google.com/maps/place/?q=place_id:ChIJ18wEOC2b-DkRty0xpbwjJPI,part_332,2026-09-20 20:19:22,10983
Sudipa's Sajghar,Bridal Makeup Artist,Make-up artist,Make-up artist,741248,West Bengal Circle,Kolkata Region,Nadia South Division,"Simurali SO, Bhagirathisilpaashram BO, Chanduria BO",+91 95317 09152,N/A,5.0,,"near Nabarun Playground, Lalpur, Chakdaha, West Bengal 741222",Lalpur,23.0767278,88.53318139999999,ChIJx_XiafHB-DkRGO8X8_ILSC0,https://www.google.com/maps/place/?q=place_id:ChIJx_XiafHB-DkRGO8X8_ILSC0,part_332,2026-09-20 20:19:22,10984
Makeup artist Shakti Mallick,Bridal Makeup Artist,Make-up artist,Make-up artist,741248,West Bengal Circle,Kolkata Region,Nadia South Division,"Simurali SO, Bhagirathisilpaashram BO, Chanduria BO",+91 86973 73990,N/A,5.0,,"Saguna, Greenbelt Colony, Kalyani, West Bengal 741245",Greenbelt Colony,22.9852962,88.4955433,ChIJq0mYSFi_-DkRbXjh_2JtyQI,https://www.google.com/maps/place/?q=place_id:ChIJq0mYSFi_-DkRbXjh_2JtyQI,part_332,2026-09-20 20:19:22,10985
Glam by Ritu,Bridal Makeup Artist,Make-up artist,Make-up artist,741248,West Bengal Circle,Kolkata Region,Nadia South Division,"Simurali SO, Bhagirathisilpaashram BO, Chanduria BO",N/A,N/A,,,"Kalyani madanpur way, Ranaghat - Kalyani Rd, near post office, north, Chandmari, Kalyani, West Bengal 741245","north, Chandmari",23.0034699,88.4589889,ChIJG6b5bvTr-DkRy2nn9FJTD_s,https://www.google.com/maps/place/?q=place_id:ChIJG6b5bvTr-DkRy2nn9FJTD_s,part_332,2026-09-20 20:19:22,10986
Anii's Nail & Makeup Studioo,Bridal Makeup Artist,Make-up artist,Make-up artist,741248,West Bengal Circle,Kolkata Region,Nadia South Division,"Simurali SO, Bhagirathisilpaashram BO, Chanduria BO",N/A,N/A,,,"near deep tubeoil, haringhata, Narayanpur, Kalyani, West Bengal 741249",haringhata,22.9722892,88.5596674,ChIJuc9tthm5-DkRyZaYnRKEfZQ,https://www.google.com/maps/place/?q=place_id:ChIJuc9tthm5-DkRyZaYnRKEfZQ,part_332,2026-09-20 20:19:22,10987
Gloss & Glam Makeup & Nail Studio,Bridal Makeup Artist,Make-up artist,Make-up artist,741248,West Bengal Circle,Kolkata Region,Nadia South Division,"Simurali SO, Bhagirathisilpaashram BO, Chanduria BO",+91 91239 94073,N/A,,,"B -7, 37(S) , Kalyani Central Park, above Amantran Cafe, Kalyani, West Bengal 743215",741248,22.9669597,88.4833433,ChIJ6-WXC9S_-DkRgHDzllbFiv4,https://www.google.com/maps/place/?q=place_id:ChIJ6-WXC9S_-DkRgHDzllbFiv4,part_332,2026-09-20 20:19:22,10988
Shilpi's Bridal Makeup Studio & Academy,Bridal Makeup Artist,Make-up artist,Make-up artist,741248,West Bengal Circle,Kolkata Region,Nadia South Division,"Simurali SO, Bhagirathisilpaashram BO, Chanduria BO",+91 70035 07750,https://www.instagram.com/makeupartist_shilpi/,5.0,,"101, Gurdwara Rd, Kanchrapara Loco, Kanchrapara, West Bengal 743145",Kanchrapara Loco,22.9466342,88.4472045,ChIJH9V1r4mV-DkRt-DjtpNvfc0,https://www.google.com/maps/place/?q=place_id:ChIJH9V1r4mV-DkRt-DjtpNvfc0,part_332,2026-09-20 20:19:23,10989
Petals Make-up Studio and Academy,Bridal Makeup Artist,Make-up artist,Make-up artist,741248,West Bengal Circle,Kolkata Region,Nadia South Division,"Simurali SO, Bhagirathisilpaashram BO, Chanduria BO",+91 87776 57023,https://www.facebook.com/petalsglamtouch/,4.9,,"225, Palladaha, Kanchrapara, Palladaha, West Bengal 741250",Palladaha,22.9401147,88.4672027,ChIJiSsTPMmV-DkRATTS2k1sxkg,https://www.google.com/maps/place/?q=place_id:ChIJiSsTPMmV-DkRATTS2k1sxkg,part_332,2026-09-20 20:19:23,10990
Makeup Artist Piya - The Complete Makeup Studio And Institute.,Bridal Makeup Artist,Make-up artist,Make-up artist,741248,West Bengal Circle,Kolkata Region,Nadia South Division,"Simurali SO, Bhagirathisilpaashram BO, Chanduria BO",N/A,N/A,4.8,,"Paikpara, Ranaghat, West Bengal 741201",Paikpara,23.174457099999998,88.5745049,ChIJy9i838rF-DkR1wVrC-XCMaM,https://www.google.com/maps/place/?q=place_id:ChIJy9i838rF-DkR1wVrC-XCMaM,part_332,2026-09-20 20:19:23,10991
The Glamorous Makeover ®,Bridal Makeup Artist,Make-up artist,"Make-up artist, Artist, Bridal shop, Charter school, Training center, Wedding Portrait Studio, Wedding service",741248,West Bengal Circle,Kolkata Region,Nadia South Division,"Simurali SO, Bhagirathisilpaashram BO, Chanduria BO",+91 79805 18109,N/A,4.6,,"1st Floor, 306, Ajoy Nagar, Santoshpur, Kolkata, West Bengal 700099","Ajoy Nagar, Santoshpur",22.4883506,88.3950322,ChIJUWvBdt5zAjoRuIgi0aPmJPs,https://www.google.com/maps/place/?q=place_id:ChIJUWvBdt5zAjoRuIgi0aPmJPs,part_332,2026-09-20 20:19:23,10992
Beauty Hub Makeup Studio Academy,Bridal Makeup Artist,Make-up artist,"Make-up artist, Beautician",741248,West Bengal Circle,Kolkata Region,Nadia South Division,"Simurali SO, Bhagirathisilpaashram BO, Chanduria BO",+91 99329 40643,https://www.facebook.com/share/191v2U4gCG/,4.9,61.0,"2nd floor, Police Station, Bagnan Station Rd N, near Bagnan, above Meddicure, Bagnan, West Bengal 711303",741248,22.466913899999998,87.9670568,ChIJUx677sibAjoRWxoNjZYW3aY,https://www.google.com/maps/place/?q=place_id:ChIJUx677sibAjoRWxoNjZYW3aY,part_332,2026-09-20 20:19:24,10993
Piyaliiz Makeup and Beauty Akademy - Professional Bridal Makeup Artist,Bridal Makeup Artist,Make-up artist,"Make-up artist, Beauty Parlour, Nail salon",741249,West Bengal Circle,Kolkata Region,Nadia South Division,"Subarnapur SO, Fatepur BO, Mollabelia BO",+91 77159 95395,http://www.piyalizacademy.in/,4.9,,"270 MAHATMA GANDHI ROAD, Gas Godown Rd, KABARDANGA, Kolkata, West Bengal 700104","KABARDANGA, Ramchandrapur",22.4608579,88.32904789999999,ChIJBxVgFGpxAjoRvy6tA2g0hk0,https://www.google.com/maps/place/?q=place_id:ChIJBxVgFGpxAjoRvy6tA2g0hk0,part_332,2026-09-20 20:20:07,13152
Anushka's makeover,Bridal Makeup Artist,Make-up artist,Make-up artist,741250,West Bengal Circle,Kolkata Region,Nadia South Division,"Kataganj SO, Bedibhavan BO",+91 74396 63836,N/A,5.0,,"kapa signal mor, Kanchrapara Loco, Kanchrapara, West Bengal 743193",Kanchrapara Loco,22.9355577,88.4577899,ChIJG5Tkf5SV-DkRwWOVGZV1CcM,https://www.google.com/maps/place/?q=place_id:ChIJG5Tkf5SV-DkRwWOVGZV1CcM,part_332,2026-09-20 20:20:52,15596
Arpita’s Makeup Studio & Academy,Bridal Makeup Artist,Make-up artist,Make-up artist,741250,West Bengal Circle,Kolkata Region,Nadia South Division,"Kataganj SO, Bedibhavan BO",+91 70036 96518,https://youtube.com/@arpitamakeupartist,5.0,,"Matri Mandir, Nimtala, Kalyani Expy, Gokulpur, kataganj, West Bengal 741250",Gokulpur,22.9461919,88.46914509999999,ChIJnYbHdp6V-DkR7FbCz6Gs8JI,https://www.google.com/maps/place/?q=place_id:ChIJnYbHdp6V-DkR7FbCz6Gs8JI,part_332,2026-09-20 20:20:52,15597
Tanmi'z Makeover,Bridal Makeup Artist,Make-up artist,Make-up artist,741250,West Bengal Circle,Kolkata Region,Nadia South Division,"Kataganj SO, Bedibhavan BO",+91 96745 74781,https://www.tanmizmakeover.com/,5.0,,"Kampa, Kanchrapara, West Bengal 743193",Kampa,22.930126899999998,88.4685009,ChIJSbLPdbCV-DkR2HGwHa3uxQs,https://www.google.com/maps/place/?q=place_id:ChIJSbLPdbCV-DkR2HGwHa3uxQs,part_332,2026-09-20 20:20:52,15598
Colors By Sushmita - Makeup & Nail Art Studio,Bridal Makeup Artist,Make-up artist,"Make-up artist, Eyelash salon, Nail salon",741250,West Bengal Circle,Kolkata Region,Nadia South Division,"Kataganj SO, Bedibhavan BO",+91 82503 12020,N/A,5.0,,"A-9/268, A Block, Block A9, Block A, Kalyani, West Bengal 741235","A Block, Block A9, Block A",22.967741999999998,88.4642507,ChIJh5OqvTeV-DkRrDGk6oyrVus,https://www.google.com/maps/place/?q=place_id:ChIJh5OqvTeV-DkRrDGk6oyrVus,part_332,2026-09-20 20:20:52,15599
Makeup Artist Dipanwita Studio & Nail Art Academy,Bridal Makeup Artist,Make-up artist,Make-up artist,741250,West Bengal Circle,Kolkata Region,Nadia South Division,"Kataganj SO, Bedibhavan BO",+91 98366 76527,N/A,4.8,,"31, dumdum cross road, Jhilbagan, Dum Dum, Kolkata, West Bengal 700074","Jhilbagan, Dum Dum",22.6217918,88.3993327,ChIJmWuTrw13AjoRg4MI16cS4YU,https://www.google.com/maps/place/?q=place_id:ChIJmWuTrw13AjoRg4MI16cS4YU,part_332,2026-09-20 20:20:52,15600
SHEETAL'S MAKEOVER STUDIO & ACADEMY,Bridal Makeup Artist,Make-up artist,Make-up artist,741250,West Bengal Circle,Kolkata Region,Nadia South Division,"Kataganj SO, Bedibhavan BO",+91 99037 13448,https://www.facebook.com/makeoverbysheetaldey/,4.2,,"4/74, Vidyasagar Colony, Ganguly Bagan, Kolkata, West Bengal 700092","Vidyasagar Colony, Ganguly Bagan",22.482795799999998,88.37166959999999,ChIJhaR4-a1wAjoRACrQaEDMlOk,https://www.google.com/maps/place/?q=place_id:ChIJhaR4-a1wAjoRACrQaEDMlOk,part_332,2026-09-20 20:20:52,15601
Makeup and Nail extensions,Bridal Makeup Artist,Make-up artist,"Make-up artist, Nail salon",741250,West Bengal Circle,Kolkata Region,Nadia South Division,"Kataganj SO, Bedibhavan BO",+91 89102 06571,N/A,,,"Shankar Mandal Rd, near KALYANI 3 no. Station, F-36, Block A, Kalyani, West Bengal 741235","F-36, Block A",22.9683584,88.467794,ChIJgzEGSTWV-DkRU4hgc35wHJ0,https://www.google.com/maps/place/?q=place_id:ChIJgzEGSTWV-DkRU4hgc35wHJ0,part_332,2026-09-20 20:20:52,15602
Shampa's Makeover,Bridal Makeup Artist,Make-up artist,Make-up artist,741250,West Bengal Circle,Kolkata Region,Nadia South Division,"Kataganj SO, Bedibhavan BO",+91 98361 44520,N/A,,,"8/742, near Jogajog Sangha club, Gayeshpur, Kalyani, West Bengal 741234",741250,22.9646459,88.4957953,ChIJZ6bnVAO_-DkRLwj0diVIvfQ,https://www.google.com/maps/place/?q=place_id:ChIJZ6bnVAO_-DkRLwj0diVIvfQ,part_332,2026-09-20 20:20:52,15603
Simran Parveen Studio,Bridal Makeup Artist,Make-up artist,Make-up artist,741250,West Bengal Circle,Kolkata Region,Nadia South Division,"Kataganj SO, Bedibhavan BO",N/A,N/A,4.2,17.0,"20, AJC Bose Rd, Mullick Bazar, Beniapukur, Kolkata, West Bengal 700017","Mullick Bazar, Beniapukur",22.547500799999998,88.36164939999999,ChIJe8FSVgB3AjoREhiN4NS5Dwc,https://www.google.com/maps/place/?q=place_id:ChIJe8FSVgB3AjoREhiN4NS5Dwc,part_332,2026-09-20 20:20:53,15604
DONA MACKEUP CENTAR,Bridal Makeup Artist,Make-up artist,Make-up artist,741250,West Bengal Circle,Kolkata Region,Nadia South Division,"Kataganj SO, Bedibhavan BO",+91 98830 58094,https://www.dona.mackeup.com/,,,"4/275, Gayeshpur, Kalyani, West Bengal 741234",741250,22.9644957,88.49808829999999,ChIJdXhp1nK_-DkRS31WT8aT3dE,https://www.google.com/maps/place/?q=place_id:ChIJdXhp1nK_-DkRS31WT8aT3dE,part_332,2026-09-20 20:20:53,15605
Swagata's Makeover & Mehendi Academy,Bridal Makeup Artist,Make-up artist,Make-up artist,741251,West Bengal Circle,Kolkata Region,Nadia South Division,"Netajisubhas Sanatorium SO, Charsarhati BO, Majerchar BO",N/A,N/A,4.8,27.0,"Basu Ln, Bansberia, West Bengal 712502",Bansberia,22.9592101,88.4057498,ChIJ3zYQY-6V-DkR6c8WR6g1F7g,https://www.google.com/maps/place/?q=place_id:ChIJ3zYQY-6V-DkR6c8WR6g1F7g,part_332,2026-09-20 20:21:39,18233
Deblina'z Makeup World (V Makeup Magic),Bridal Makeup Artist,Make-up artist,Make-up artist,741251,West Bengal Circle,Kolkata Region,Nadia South Division,"Netajisubhas Sanatorium SO, Charsarhati BO, Majerchar BO",+91 85840 18735,https://www.facebook.com/vmakeupmagic,5.0,23.0,"125, Ramesh Goswami Rd, Kanchrapara Loco, Kanchrapara, West Bengal 743145",Kanchrapara Loco,22.9443046,88.4432597,ChIJa97CV0WV-DkRLx6NbAAbmS0,https://www.google.com/maps/place/?q=place_id:ChIJa97CV0WV-DkRLx6NbAAbmS0,part_332,2026-09-20 20:21:39,18234
Makeup Artist Sayeeka,Bridal Makeup Artist,Make-up artist,Make-up artist,741251,West Bengal Circle,Kolkata Region,Nadia South Division,"Netajisubhas Sanatorium SO, Charsarhati BO, Majerchar BO",N/A,N/A,5.0,3.0,"B/9 -164, near Boat Park, B 9, B9, West Bengal PIN, Kalyani, West Bengal 742135","B 9, B9, West Bengal PIN",22.977529699999998,88.44020789999999,ChIJMXJmRYOV-DkRmUKUwv3Ev0c,https://www.google.com/maps/place/?q=place_id:ChIJMXJmRYOV-DkRmUKUwv3Ev0c,part_332,2026-09-20 20:21:39,18235
Anindita's Nail & Makeup studio and Academy 🧿,Bridal Makeup Artist,Make-up artist,Make-up artist,741251,West Bengal Circle,Kolkata Region,Nadia South Division,"Netajisubhas Sanatorium SO, Charsarhati BO, Majerchar BO",+91 82748 53465,N/A,4.9,13.0,"Sitesh Ghosh, B1, Block B, Kalyani, West Bengal 741235","B1, Block B",22.9791207,88.4272261,ChIJLY2azciV-DkRhVDqRbzFXq8,https://www.google.com/maps/place/?q=place_id:ChIJLY2azciV-DkRhVDqRbzFXq8,part_332,2026-09-20 20:21:39,18236
Rupkatha Salon N Makeup Studio(Shreerup Glamour World &Salon,Bridal Makeup Artist,Make-up artist,Make-up artist,741251,West Bengal Circle,Kolkata Region,Nadia South Division,"Netajisubhas Sanatorium SO, Charsarhati BO, Majerchar BO",+91 78908 19308,N/A,4.0,20.0,"Buddha Park, F- 60/136/68 Iswar Gupta By Lane. Kalyani, Kalyani, West Bengal 741235",Block B,22.964243999999997,88.42759,ChIJr1U7zk2V-DkRbP5FflPJ_xw,https://www.google.com/maps/place/?q=place_id:ChIJr1U7zk2V-DkRbP5FflPJ_xw,part_332,2026-09-20 20:21:39,18237
Uttara's Makeover & Academy,Bridal Makeup Artist,Make-up artist,"Make-up artist, Charter school, Nail salon",741251,West Bengal Circle,Kolkata Region,Nadia South Division,"Netajisubhas Sanatorium SO, Charsarhati BO, Majerchar BO",+91 74397 78950,https://www.facebook.com/share/16iZQkVsdo/,5.0,12.0,"1st Floor, B, B-12/192, 12 Rd, beside Montessori Shishu Niloy, B 12, Block B, Kalyani, West Bengal 741235","B 12, Block B",22.9705083,88.437469,ChIJ9bqJ9IiV-DkRD15YShSHdT4,https://www.google.com/maps/place/?q=place_id:ChIJ9bqJ9IiV-DkRD15YShSHdT4,part_332,2026-09-20 20:21:39,18238
Asmita's Makeup Studio & Academy,Bridal Makeup Artist,Make-up artist,"Make-up artist, Charter school",741251,West Bengal Circle,Kolkata Region,Nadia South Division,"Netajisubhas Sanatorium SO, Charsarhati BO, Majerchar BO",N/A,https://www.asmitasmakeupstudioacademy.top/,5.0,17.0,"Block C, Simanta Colony, Kalyani, West Bengal 741235","Block C, Simanta Colony",22.988436,88.4288337,ChIJw7x9ZgCV-DkRSv8JmcTZWcg,https://www.google.com/maps/place/?q=place_id:ChIJw7x9ZgCV-DkRSv8JmcTZWcg,part_332,2026-09-20 20:21:39,18239
Meakover by Mitali,Bridal Makeup Artist,Make-up artist,Make-up artist,741251,West Bengal Circle,Kolkata Region,Nadia South Division,"Netajisubhas Sanatorium SO, Charsarhati BO, Majerchar BO",N/A,N/A,5.0,3.0,"422, B 14, Block B, Kalyani, West Bengal 741235","B 14, Block B",22.9645996,88.4314696,ChIJC_n79WaV-DkRCTL3KTBe8mA,https://www.google.com/maps/place/?q=place_id:ChIJC_n79WaV-DkRCTL3KTBe8mA,part_332,2026-09-20 20:21:39,18240
Puja's Makeover,Bridal Makeup Artist,Make-up artist,Make-up artist,741251,West Bengal Circle,Kolkata Region,Nadia South Division,"Netajisubhas Sanatorium SO, Charsarhati BO, Majerchar BO",+91 80177 57898,N/A,5.0,3.0,"17 No Ward, Community Hall, 1/D , Konchati Near, West Bengal 712503","Baikunthapur, Tribeni",22.9927703,88.39372929999999,ChIJcbqkAXaT-DkRYJRkXQ9MUJY,https://www.google.com/maps/place/?q=place_id:ChIJcbqkAXaT-DkRYJRkXQ9MUJY,part_332,2026-09-20 20:21:39,18241
Sanju's Makeover Makeup Studio & Academy,Bridal Makeup Artist,Make-up artist,Make-up artist,741251,West Bengal Circle,Kolkata Region,Nadia South Division,"Netajisubhas Sanatorium SO, Charsarhati BO, Majerchar BO",+91 93390 52543,N/A,5.0,1.0,"B 14/115, B 14, Block B, Kalyani, West Bengal 741235","B 14, Block B",22.9669246,88.434939,ChIJYWoc632V-DkR9zRxxKXkzYE,https://www.google.com/maps/place/?q=place_id:ChIJYWoc632V-DkR9zRxxKXkzYE,part_332,2026-09-20 20:21:39,18242
Rashmi's Makeup & Nail studio,Bridal Makeup Artist,Beauty Parlour,Beauty Parlour,741251,West Bengal Circle,Kolkata Region,Nadia South Division,"Netajisubhas Sanatorium SO, Charsarhati BO, Majerchar BO",+91 76858 31249,N/A,4.9,,"2no, Siddheswari Ln, Kanchrapara Loco, Kanchrapara, West Bengal 743145",Kanchrapara Loco,22.947772999999998,88.4457025,ChIJLfTVNgeV-DkRXPR6QEMfnic,https://www.google.com/maps/place/?q=place_id:ChIJLfTVNgeV-DkRXPR6QEMfnic,part_332,2026-09-20 20:21:39,18243
La-Novia (Makeover by Susmita),Bridal Makeup Artist,Make-up artist,"Make-up artist, Mehndi Designer, Nail salon",741252,West Bengal Circle,Kolkata Region,Nadia South Division,Krishivisyavidyalaya SO,+91 70030 49092,http://www.instagram.com/susmitabiswassahoo,5.0,,"Ward no 13,Parbatipur,Gouri Sankar more, Tamluk, West Bengal 721636",741252,22.288423899999998,87.9256146,ChIJ06y-EzmVAjoREMkkBb3OiHc,https://www.google.com/maps/place/?q=place_id:ChIJ06y-EzmVAjoREMkkBb3OiHc,part_332,2026-09-20 20:22:23,20042
Trishna’s Makeupartistry,Bridal Makeup Artist,Make-up artist,Make-up artist,741252,West Bengal Circle,Kolkata Region,Nadia South Division,Krishivisyavidyalaya SO,+91 98637 77150,https://www.facebook.com/share/2q3ajBzeAFdbhLRN/?mibextid=LQQJ4d,5.0,,"no-1, Ram Nagar Rd, opposite pioneer classes, Ram Nagar, Agartala, Tripura 799002",Ram Nagar,23.8352504,91.26884249999999,ChIJjS7LBMb1UzcRT_sAQyqbwfQ,https://www.google.com/maps/place/?q=place_id:ChIJjS7LBMb1UzcRT_sAQyqbwfQ,part_332,2026-09-20 20:22:23,20043
PIYA'S MAKEOVER,Bridal Makeup Artist,Make-up artist,Make-up artist,741253,West Bengal Circle,Kolkata Region,Nadia South Division,"Anishmali SO, Eruli BO",+91 93827 10076,N/A,,,"Ranaghat krishna nagar road, Kushaberia, West Bengal 741501",741253,23.2306647,88.6791432,ChIJ4z4Rx4fR-DkRzxyiBMlW928,https://www.google.com/maps/place/?q=place_id:ChIJ4z4Rx4fR-DkRzxyiBMlW928,part_332,2026-09-20 20:23:02,21849
Priti Makeup Artist,Bridal Makeup Artist,Make-up artist,Make-up artist,741253,West Bengal Circle,Kolkata Region,Nadia South Division,"Anishmali SO, Eruli BO",+91 79085 69229,https://pritimakeupartist.in/,4.9,79.0,"14/1, Club Rd, station, Nalta, Dum Dum Cantonment, Dum Dum, Kolkata, West Bengal 700028","station, Nalta, Dum Dum Cantonment, Dum Dum",22.6439849,88.41714259999999,ChIJb0Dlfvmf-DkRUtlfO6YfyD4,https://www.google.com/maps/place/?q=place_id:ChIJb0Dlfvmf-DkRUtlfO6YfyD4,part_332,2026-09-20 20:23:03,21850
Makeover By Parna,Bridal Makeup Artist,Make-up artist,"Make-up artist, Service establishment",741253,West Bengal Circle,Kolkata Region,Nadia South Division,"Anishmali SO, Eruli BO",+91 79807 07952,https://makeoverbyparna.in/,,,"Makeover By Parna, 741253, India",741253,22.7023652,88.2243242,ChIJOSzN2-AeH0QRzr4WrJIme8o,https://www.google.com/maps/place/?q=place_id:ChIJOSzN2-AeH0QRzr4WrJIme8o,part_332,2026-09-20 20:23:03,21851
Vidhimakkar Makeovers,Bridal Makeup Artist,Make-up artist,Make-up artist,741253,West Bengal Circle,Kolkata Region,Nadia South Division,"Anishmali SO, Eruli BO",N/A,https://instagram.com/vidhimakkar_makeovers?igshid=YmMyMTA2M2Y=,4.9,103.0,"Shop no. 5, pillar no-752, A-20, DK Rd, Rama Park, Rama Park, Block A, Mohan Garden, Nawada, New Delhi, Delhi, 110059","Rama Park, Rama Park, Block A, Mohan Garden, Nawada",28.6216044,77.03953179999999,ChIJNeM2NsDwLKoRQ_bRwXcuz4Y,https://www.google.com/maps/place/?q=place_id:ChIJNeM2NsDwLKoRQ_bRwXcuz4Y,part_332,2026-09-20 20:23:03,21852
Jayosree makeup studios,Bridal Makeup Artist,Make-up artist,Make-up artist,741253,West Bengal Circle,Kolkata Region,Nadia South Division,"Anishmali SO, Eruli BO",N/A,N/A,5.0,95.0,"38, RN Guha Rd, Military Camp, Dum Dum Cantonment, Dum Dum, Kolkata, West Bengal 700074","Military Camp, Dum Dum Cantonment, Dum Dum",22.6273199,88.4137205,ChIJ7zHl6Caf-DkRBM-SkRKs6j8,https://www.google.com/maps/place/?q=place_id:ChIJ7zHl6Caf-DkRBM-SkRKs6j8,part_332,2026-09-20 20:23:03,21853
Ruposhi Beauty parlour,Bridal Makeup Artist,Health and beauty shop,Health and beauty shop,741253,West Bengal Circle,Kolkata Region,Nadia South Division,"Anishmali SO, Eruli BO",+91 70031 24982,https://ruposhibeautyparlour.in/,4.9,307.0,"Metro, A1/7, Diamond Park Joka , Kol- 700104 , Just 2 Mins From, A-1-7, Diamond Park, Joka, Kolkata, West Bengal 700104","Diamond Park, Joka",22.4529601,88.3039496,ChIJMwtSzMd7AjoRlWuvykHvXcY,https://www.google.com/maps/place/?q=place_id:ChIJMwtSzMd7AjoRlWuvykHvXcY,part_332,2026-09-20 20:23:03,21854
Salon 85,Bridal Makeup Artist,Make-up artist,"Make-up artist, Barber shop, Beauty product supplier, Beauty Parlour, Facial spa, Hair extension technician, Hair removal service, Hairdresser, Nail salon, Skin care clinic",741253,West Bengal Circle,Kolkata Region,Nadia South Division,"Anishmali SO, Eruli BO",+91 91239 69269,https://salon85.co.in/,4.8,1344.0,"85, Park St, Mullick Bazar, Park Street area, Kolkata, West Bengal 700016","Mullick Bazar, Park Street area",22.550129599999998,88.3552617,ChIJ488bQF13AjoRgUWIebyy4vg,https://www.google.com/maps/place/?q=place_id:ChIJ488bQF13AjoRgUWIebyy4vg,part_332,2026-09-20 20:23:03,21855
Stylista Queen | Bridal Makeup artist,Bridal Makeup Artist,Make-up artist,"Make-up artist, Service establishment",741253,West Bengal Circle,Kolkata Region,Nadia South Division,"Anishmali SO, Eruli BO",+91 76695 56434,https://www.instagram.com/stylistaqueen,5.0,80.0,"Stylista Queen | Bridal Makeup artist, 741253, India",741253,28.593317499999998,77.1721882,ChIJWeuX0cgFDTkRL9dhF4L_9sQ,https://www.google.com/maps/place/?q=place_id:ChIJWeuX0cgFDTkRL9dhF4L_9sQ,part_332,2026-09-20 20:23:03,21856
Simadi Makeup Guru,Bridal Makeup Artist,Make-up artist,"Make-up artist, Beauty Parlour, Facial spa, Spa, Hairdresser",741254,West Bengal Circle,Kolkata Region,Nadia South Division,"Kalinarayanpur SO, Kamgachi BO",+91 98305 99228,http://www.simadimakeupguru.com/,4.7,103.0,"10/H/10/2, Beleghata Main Rd, Seal Lane, Tangra, Kolkata, West Bengal 700085","Seal Lane, Tangra",22.565896199999997,88.3873031,ChIJd4cjbId2AjoRqOdVJjoM4jk,https://www.google.com/maps/place/?q=place_id:ChIJd4cjbId2AjoRqOdVJjoM4jk,part_332,2026-09-20 20:23:47,23439
Diya's Makeup Studio And Academy,Bridal Makeup Artist,Make-up artist,Make-up artist,741254,West Bengal Circle,Kolkata Region,Nadia South Division,"Kalinarayanpur SO, Kamgachi BO",+91 78119 57405,https://www.facebook.com/share/1FyX8EEfFq/,,,"Hatpukur Hatpukur, Birnagar, West Bengal 741127",741254,23.2414898,88.55831219999999,ChIJTc1X4f_b-DkRqha2NwY81Vc,https://www.google.com/maps/place/?q=place_id:ChIJTc1X4f_b-DkRqha2NwY81Vc,part_332,2026-09-20 20:23:47,23440
Lee's Makeover,Bridal Makeup Artist,Make-up artist,Make-up artist,741254,West Bengal Circle,Kolkata Region,Nadia South Division,"Kalinarayanpur SO, Kamgachi BO",+91 89067 76438,N/A,5.0,7.0,"Ghatak Para, Ranaghat, West Bengal 741201",741254,23.1805688,88.56916389999999,ChIJ7wCy8KPb-DkRBtynfSna_3Q,https://www.google.com/maps/place/?q=place_id:ChIJ7wCy8KPb-DkRBtynfSna_3Q,part_332,2026-09-20 20:23:47,23441
SONIA'S BEAUTY ZONE,Bridal Makeup Artist,Make-up artist,Make-up artist,741254,West Bengal Circle,Kolkata Region,Nadia South Division,"Kalinarayanpur SO, Kamgachi BO",N/A,N/A,,,"103, Aistala, Ranaghat, West Bengal 741201",741254,23.191278399999998,88.5612974,ChIJoa-EjU7b-DkRbk7LPOgog-4,https://www.google.com/maps/place/?q=place_id:ChIJoa-EjU7b-DkRbk7LPOgog-4,part_332,2026-09-20 20:23:47,23442
BRIDAL MAKEUP ARTIST TAMALIKA,Bridal Makeup Artist,Make-up artist,"Make-up artist, Service establishment",741254,West Bengal Circle,Kolkata Region,Nadia South Division,"Kalinarayanpur SO, Kamgachi BO",+91 98308 96304,https://www.facebook.com/tamalikao4/,5.0,3.0,"BRIDAL MAKEUP ARTIST TAMALIKA, 741254, India",741254,21.0680074,82.7525294,ChIJW6Vaw5-f-DkROcqkCEfvD3s,https://www.google.com/maps/place/?q=place_id:ChIJW6Vaw5-f-DkROcqkCEfvD3s,part_332,2026-09-20 20:23:47,23443
Kamana'z Makeover,Bridal Makeup Artist,Make-up artist,Make-up artist,741254,West Bengal Circle,Kolkata Region,Nadia South Division,"Kalinarayanpur SO, Kamgachi BO",+91 70984 92829,N/A,,,"B BLOCK, Birnagar, West Bengal 741127",741254,23.2340357,88.55478219999999,ChIJGw6__1Ld-DkRzbwqbThTzpw,https://www.google.com/maps/place/?q=place_id:ChIJGw6__1Ld-DkRzbwqbThTzpw,part_332,2026-09-20 20:23:47,23444
Euphoria Makeover By Sneha,Bridal Makeup Artist,Make-up artist,Make-up artist,741254,West Bengal Circle,Kolkata Region,Nadia South Division,"Kalinarayanpur SO, Kamgachi BO",+91 86173 51532,https://www.facebook.com/sbmakeoverranaghat,,,"2 no, 2, Park St, Harv, East colony, Ranaghat, West Bengal 741201","Harv, East colony",23.1763417,88.5713569,ChIJwzQM9IbF-DkRMNXKbZTblpk,https://www.google.com/maps/place/?q=place_id:ChIJwzQM9IbF-DkRMNXKbZTblpk,part_332,2026-09-20 20:23:47,23445
GLOSS 28 by Soumita,Bridal Makeup Artist,Make-up artist,Make-up artist,741254,West Bengal Circle,Kolkata Region,Nadia South Division,"Kalinarayanpur SO, Kamgachi BO",N/A,N/A,,,"2no, Mahaprabhu para lane, Ranaghat, West Bengal 741201",741254,23.1782161,88.5754398,ChIJdfeLJNXF-DkRsF0P54zv7_4,https://www.google.com/maps/place/?q=place_id:ChIJdfeLJNXF-DkRsF0P54zv7_4,part_332,2026-09-20 20:23:47,23446
Madhuri's Beauty Parlour and Academy (Ladies Salon),Bridal Makeup Artist,Beauty Parlour,"Beauty Parlour, Charter school",741254,West Bengal Circle,Kolkata Region,Nadia South Division,"Kalinarayanpur SO, Kamgachi BO",+91 79087 14735,N/A,4.9,66.0,"GNPC Rd, Ranaghat, West Bengal 741201",741254,23.1754417,88.569257,ChIJrxst8LDE-DkRrhOuUz1ndGc,https://www.google.com/maps/place/?q=place_id:ChIJrxst8LDE-DkRrhOuUz1ndGc,part_332,2026-09-20 20:23:47,23447
MakeupWale,Bridal Makeup Artist,Make-up artist,"Make-up artist, Service establishment, Mehndi Designer, Photographer, Photography service, Hairdresser, Wedding photographer, Wedding planner",741254,West Bengal Circle,Kolkata Region,Nadia South Division,"Kalinarayanpur SO, Kamgachi BO",+91 97172 89438,https://www.makeupwale.com/,4.8,266.0,"MakeupWale, 741254, India",741254,27.580378999999997,78.3347184,ChIJ_SQtxvLlDDkRxsOtH5CpATU,https://www.google.com/maps/place/?q=place_id:ChIJ_SQtxvLlDDkRxsOtH5CpATU,part_332,2026-09-20 20:23:48,23448
Makeup artist and beautician,Bridal Makeup Artist,Make-up artist,Make-up artist,741254,West Bengal Circle,Kolkata Region,Nadia South Division,"Kalinarayanpur SO, Kamgachi BO",+91 85840 36749,https://sangitasmakeover.great-site.net/,5.0,142.0,"Nabapally, Jyangra Bottala, joramandir, Baguiati, Kolkata, West Bengal 700059","Nabapally, Jyangra Bottala, joramandir, Baguiati",22.6123452,88.4326622,ChIJlYMiokaf-DkRHfpTHxKGgqg,https://www.google.com/maps/place/?q=place_id:ChIJlYMiokaf-DkRHfpTHxKGgqg,part_332,2026-09-20 20:23:49,23449
Arzoo Exclusive Makeover,Bridal Makeup Artist,Make-up artist,Make-up artist,741254,West Bengal Circle,Kolkata Region,Nadia South Division,"Kalinarayanpur SO, Kamgachi BO",+91 79801 83997,https://m.facebook.com/arzoomakeup,4.2,17.0,"Orchid View Block-B, Orchid View, Flat 4E block b orchid view appartment, Saurav Ganguly Ave, Bablatala, Kolkata, West Bengal 700136","Gopalpur I, Saratpally, Bablatala, Rajarhat",22.6405542,88.45366949999999,ChIJqWBM7jWe-DkRUf5mI1o3Aig,https://www.google.com/maps/place/?q=place_id:ChIJqWBM7jWe-DkRUf5mI1o3Aig,part_332,2026-09-20 20:23:49,23450
Rupkatha’z Makeover An ISO Certified academy,Bridal Makeup Artist,Make-up artist,Make-up artist,741255,West Bengal Circle,Kolkata Region,Nadia South Division,"Anulia SO, Haradham BO, Nandighat BO",+91 96414 21745,N/A,4.9,,"Dispensary Lane, Ranaghat, Kolkata, West Bengal 741201",741255,23.1749167,88.566161,ChIJmXJCVNjF-DkRaWuCDcU0u0Y,https://www.google.com/maps/place/?q=place_id:ChIJmXJCVNjF-DkRaWuCDcU0u0Y,part_332,2026-09-20 20:24:31,24871
Jayita Makeover and Academy,Bridal Makeup Artist,Make-up artist,"Make-up artist, Artist, Beautician, Beauty Parlour, Charter school, Training center",741255,West Bengal Circle,Kolkata Region,Nadia South Division,"Anulia SO, Haradham BO, Nandighat BO",+91 89187 86454,https://jayitamakeover.com/,5.0,,"99/1, Mission Rd, Ranaghat, West Bengal 741201",741255,23.164926899999998,88.5629213,ChIJQ1TxZR7F-DkRfLO-tvf_ffY,https://www.google.com/maps/place/?q=place_id:ChIJQ1TxZR7F-DkRfLO-tvf_ffY,part_332,2026-09-20 20:24:31,24872
Sneha's Palette,Bridal Makeup Artist,Make-up artist,Make-up artist,741255,West Bengal Circle,Kolkata Region,Nadia South Division,"Anulia SO, Haradham BO, Nandighat BO",+91 81019 18315,https://snehaspallete.netlify.app/,5.0,,"Sripur Bazar, Khalpar, Bhabanipur Char, Balagarh, West Bengal 712514","Sripur Bazar, Khalpar",23.124507299999998,88.4649226,ChIJ4fKapKbp-DkRRXBGhJmJjJ4,https://www.google.com/maps/place/?q=place_id:ChIJ4fKapKbp-DkRRXBGhJmJjJ4,part_332,2026-09-20 20:24:31,24873
Mua Swarnalii ( makeup artist),Bridal Makeup Artist,Make-up artist,Make-up artist,741255,West Bengal Circle,Kolkata Region,Nadia South Division,"Anulia SO, Haradham BO, Nandighat BO",N/A,N/A,5.0,,"1no, Swargadwar Rd, Ranaghat, West Bengal 741201",741255,23.1767759,88.5570575,ChIJfTwohV7F-DkRG38_h0P5hJw,https://www.google.com/maps/place/?q=place_id:ChIJfTwohV7F-DkRG38_h0P5hJw,part_332,2026-09-20 20:24:31,24874
AURA MAKEUP STUDIO & ACADEMY,Bridal Makeup Artist,Make-up artist,"Make-up artist, Artist",741255,West Bengal Circle,Kolkata Region,Nadia South Division,"Anulia SO, Haradham BO, Nandighat BO",+91 75840 81619,N/A,5.0,,"S.V Sarani, Darga Tala Lane, Dakshin Para, Ranaghat, West Bengal 741201",Dakshin Para,23.1739422,88.5644373,ChIJfSb3CF_F-DkRcWlYZpfJRTY,https://www.google.com/maps/place/?q=place_id:ChIJfSb3CF_F-DkRcWlYZpfJRTY,part_332,2026-09-20 20:24:31,24875
DIPTIS PROFESSIONAL MAKE-UP ARTIST AND STUDIO,Bridal Makeup Artist,Make-up artist,Make-up artist,741255,West Bengal Circle,Kolkata Region,Nadia South Division,"Anulia SO, Haradham BO, Nandighat BO",+91 62977 50720,N/A,4.5,,"Gopal Nagar Rd, opposite chatteswari kali mandir, Ranaghat, West Bengal 741201",741255,23.1717789,88.5709925,ChIJDWBqF3PF-DkR07sUtZTzldw,https://www.google.com/maps/place/?q=place_id:ChIJDWBqF3PF-DkR07sUtZTzldw,part_332,2026-09-20 20:24:31,24876
Sanu'j Makevoer',Bridal Makeup Artist,Make-up artist,Make-up artist,741255,West Bengal Circle,Kolkata Region,Nadia South Division,"Anulia SO, Haradham BO, Nandighat BO",+91 85097 00251,https://www.facebook.com/share/1CSPBobvCJ/,,,"Ranaghat, West Bengal 741202",741255,23.174517899999998,88.5606055,ChIJjWdEsSfF-DkRAfID6OLGRos,https://www.google.com/maps/place/?q=place_id:ChIJjWdEsSfF-DkRAfID6OLGRos,part_332,2026-09-20 20:24:31,24877
Kakali Beauty parlour & makeover,Bridal Makeup Artist,Make-up artist,Make-up artist,741255,West Bengal Circle,Kolkata Region,Nadia South Division,"Anulia SO, Haradham BO, Nandighat BO",+91 73847 56651,N/A,,,"Mathpara, Habibpur, Phulia, Habibpur, West Bengal 741402","Mathpara, Habibpur",23.2155292,88.5352344,ChIJ0cs3fQnd-DkRAdMknFE7PDI,https://www.google.com/maps/place/?q=place_id:ChIJ0cs3fQnd-DkRAdMknFE7PDI,part_332,2026-09-20 20:24:31,24878
Debi's Premier Makeup Artist & Academy,Bridal Makeup Artist,Make-up artist,"Make-up artist, Beauty Parlour, Beauty school, Charter school, Facial spa",741255,West Bengal Circle,Kolkata Region,Nadia South Division,"Anulia SO, Haradham BO, Nandighat BO",+91 80178 74075,N/A,4.9,481.0,"42, 17, Murari Pukur Rd, Bagmari, Kolkata, West Bengal 700067",Bagmari,22.5885943,88.38389149999999,ChIJ41ifqpl3AjoR-fq829L0wTo,https://www.google.com/maps/place/?q=place_id:ChIJ41ifqpl3AjoR-fq829L0wTo,part_332,2026-09-20 20:24:32,24879
