business_name,search_category,primary_category,all_categories,pincode,circle,region,division,major_offices,phone_number,website,rating,reviews_count,address,area,latitude,longitude,place_id,place_url,part_id,crawled_at,s_no
Grihashree interiors|| Best Interior Designer In Hooghly || Affordable Interior Designer In Hooghly,Interior Designers,Interior designer,Interior designer,743125,West Bengal Circle,Kolkata Region,North Presidency Division,"Jagatdal SO, N/A, Gupter Bagan SO",+91 62907 70433,https://grihashree.org/,4.6,22.0,"ground floor, 17, Hatkhola, monsatala, Chandannagar, West Bengal 712137","Hatkhola, monsatala",22.8471625,88.36577439999999,ChIJ0_BoV_6Q-DkRxaEli_AQNZA,https://www.google.com/maps/place/?q=place_id:ChIJ0_BoV_6Q-DkRxaEli_AQNZA,part_334,2026-09-20 20:17:51,3338
PS Design Studio - Best interior designer in shyamnagar,Interior Designers,Interior designer,"Interior designer, Interior Decorator",743125,West Bengal Circle,Kolkata Region,North Presidency Division,"Jagatdal SO, N/A, Gupter Bagan SO",+91 90386 50834,https://psdesignstudio.infinityfreeapp.com/,4.5,32.0,"Banarjee Para, Shyamnagar, Bhatpara, West Bengal 743127","Banarjee Para, Shyamnagar",22.8417413,88.39637499999999,ChIJ13o7Os2R-DkRCmbRNexzeLo,https://www.google.com/maps/place/?q=place_id:ChIJ13o7Os2R-DkRCmbRNexzeLo,part_334,2026-09-20 20:17:51,3339
Space Craft Interior,Interior Designers,Interior designer,"Interior designer, Consultant, Interior Decorator",743125,West Bengal Circle,Kolkata Region,North Presidency Division,"Jagatdal SO, N/A, Gupter Bagan SO",+91 98834 24240,https://www.facebook.com/share/1PWZN5ZW8N/,4.9,11.0,"GT Rd, Narua Dharmarajtala, Padripara, Sukhsanatantala, Chandannagar, West Bengal 712136","Narua Dharmarajtala, Padripara, Sukhsanatantala",22.855584399999998,88.3652635,ChIJ1-NGKAqR-DkRPzFpjfRC0n4,https://www.google.com/maps/place/?q=place_id:ChIJ1-NGKAqR-DkRPzFpjfRC0n4,part_334,2026-09-20 20:17:51,3340
Tiwari Interior,Interior Designers,Interior designer,Interior designer,743125,West Bengal Circle,Kolkata Region,North Presidency Division,"Jagatdal SO, N/A, Gupter Bagan SO",+91 89811 32873,N/A,5.0,13.0,"Jagatdal, Bhatpara, West Bengal 743125",Jagatdal,22.859080799999997,88.38483219999999,ChIJYYovrZKR-DkRYZarQpZ-Te8,https://www.google.com/maps/place/?q=place_id:ChIJYYovrZKR-DkRYZarQpZ-Te8,part_334,2026-09-20 20:17:51,3341
Lexus Design Mantras,Interior Designers,Interior designer,"Interior designer, Architectural designer, Carpenter, Design engineer, Floor refinishing service, Furniture store, Interior construction contractor, Interior Decorator, Modular home builder",743125,West Bengal Circle,Kolkata Region,North Presidency Division,"Jagatdal SO, N/A, Gupter Bagan SO",+91 82403 81061,https://www.facebook.com/profile.php?id=61559254795099,5.0,10.0,"Jagatdal, Kolkata, Bhatpara, West Bengal 743125",Jagatdal,22.8596096,88.3847206,ChIJF9yragCR-DkR9vZxu9KXBxk,https://www.google.com/maps/place/?q=place_id:ChIJF9yragCR-DkR9vZxu9KXBxk,part_334,2026-09-20 20:17:51,3342
Green Concept || Best Interior Designer In Hooghly || Affordable Interior Designer In Hooghly,Interior Designers,Interior designer,"Interior designer, Furniture Manufacturer, Home builder, Home improvement store, Interior construction contractor, Interior Decorator, Interior fitting contractor, Kitchen remodeler, Modular home dealer, Painter",743125,West Bengal Circle,Kolkata Region,North Presidency Division,"Jagatdal SO, N/A, Gupter Bagan SO",+91 79806 29807,N/A,4.9,9.0,"411, Nilkantha Sarkar St, Surpara, Bagbazar, Sukhsanatantala, Chandannagar, West Bengal 712136","Surpara, Bagbazar, Sukhsanatantala",22.8628412,88.3657746,ChIJr-0M9haR-DkRCpsw_a9aVsc,https://www.google.com/maps/place/?q=place_id:ChIJr-0M9haR-DkRCpsw_a9aVsc,part_334,2026-09-20 20:17:51,3343
Defurin Interior,Interior Designers,Interior designer,Interior designer,743125,West Bengal Circle,Kolkata Region,North Presidency Division,"Jagatdal SO, N/A, Gupter Bagan SO",+91 70034 02542,https://sites.google.com/view/defurin,4.7,35.0,"233/1/2, E Kapte Para Rd, Netaji Nagar Colony, Banarjee Para, Shyamnagar, Bhatpara, West Bengal 743127","Netaji Nagar Colony, Banarjee Para, Shyamnagar",22.839810999999997,88.3886187,ChIJ8WDGA7OR-DkRvUt7Pr8CzFU,https://www.google.com/maps/place/?q=place_id:ChIJ8WDGA7OR-DkRvUt7Pr8CzFU,part_334,2026-09-20 20:17:51,3344
Adiplasto Interior,Interior Designers,Interior designer,Interior designer,743125,West Bengal Circle,Kolkata Region,North Presidency Division,"Jagatdal SO, N/A, Gupter Bagan SO",+91 98839 29791,http://www.adiplasto.com/,5.0,2.0,"GT Rd, near Fire Brigade, Surpara, Lichutala, Sukhsanatantala, Chandannagar, West Bengal 712136","Surpara, Lichutala, Sukhsanatantala",22.863194399999998,88.3659017,ChIJn3MJ-_-Q-DkRamTac8jNeRM,https://www.google.com/maps/place/?q=place_id:ChIJn3MJ-_-Q-DkRamTac8jNeRM,part_334,2026-09-20 20:17:51,3345
Deep Cabinet Makers,Interior Designers,Interior designer,Interior designer,743125,West Bengal Circle,Kolkata Region,North Presidency Division,"Jagatdal SO, N/A, Gupter Bagan SO",+91 98314 59224,https://sites.google.com/view/deepcabinetmakers/home?authuser=0,5.0,4.0,"Gargari Para Rd, Taldanga, Dharampur, Chinsurah, West Bengal 712105","Taldanga, Dharampur",22.8792297,88.3806858,ChIJX5WIGI-R-DkRq5UOP3VW3RE,https://www.google.com/maps/place/?q=place_id:ChIJX5WIGI-R-DkRq5UOP3VW3RE,part_334,2026-09-20 20:17:51,3346
FA interior designer,Interior Designers,Interior Decorator,Interior Decorator,743125,West Bengal Circle,Kolkata Region,North Presidency Division,"Jagatdal SO, N/A, Gupter Bagan SO",+91 82400 20189,N/A,,,"Hospital More, Bagbazar, Kolupukur Panchanantala, Chandannagar, West Bengal 712136","Bagbazar, Kolupukur Panchanantala",22.8661837,88.3690898,ChIJA_uR-qCR-DkR50cI8QOKMVM,https://www.google.com/maps/place/?q=place_id:ChIJA_uR-qCR-DkR50cI8QOKMVM,part_334,2026-09-20 20:17:51,3347
Unique Furniture & Interior,Interior Designers,Interior designer,"Interior designer, Furniture store",743125,West Bengal Circle,Kolkata Region,North Presidency Division,"Jagatdal SO, N/A, Gupter Bagan SO",+91 94337 01336,https://www.facebook.com/unifur.f.i?mibextid=ZbWKwL,5.0,1.0,"GT Rd, Narua Dharmarajtala, PadriPara, Sukhsanatantala, Chandannagar, Chinsurah, West Bengal 712136","Narua Dharmarajtala, PadriPara, Sukhsanatantala",22.855569499999998,88.365263,ChIJlVtLbyWb-DkRp-A3EzwYGb8,https://www.google.com/maps/place/?q=place_id:ChIJlVtLbyWb-DkRp-A3EzwYGb8,part_334,2026-09-20 20:17:51,3348
NATH DECORATER (YOUR DREAM EVENT PARTNER),Interior Designers,Interior Decorator,Interior Decorator,743125,West Bengal Circle,Kolkata Region,North Presidency Division,"Jagatdal SO, N/A, Gupter Bagan SO",N/A,https://nath-decorater.my.canva.site/,5.0,2.0,"Gupta Bagan, 19 C 20/1, Jagatdal, Kolkata, Bhatpara, West Bengal 743125",Jagatdal,22.857326,88.38653029999999,ChIJU_0ryMSR-DkRjd3JEZ38gUU,https://www.google.com/maps/place/?q=place_id:ChIJU_0ryMSR-DkRjd3JEZ38gUU,part_334,2026-09-20 20:17:51,3349
Ma Vaishno Enterprise,Interior Designers,Interior designer,Interior designer,743125,West Bengal Circle,Kolkata Region,North Presidency Division,"Jagatdal SO, N/A, Gupter Bagan SO",+91 84429 37220,N/A,,,"Nc Road, near Kundu Pharmacy, Premchand Nagar, Sundhia Para, Jagatdal, Bhatpara, West Bengal 743125","Premchand Nagar, Sundhia Para, Jagatdal",22.854251299999998,88.3917951,ChIJn9KmZYOR-DkRFOtUe1reM-w,https://www.google.com/maps/place/?q=place_id:ChIJn9KmZYOR-DkRFOtUe1reM-w,part_334,2026-09-20 20:17:51,3350
Quick & Budget Interior,Interior Designers,Interior designer,Interior designer,743125,West Bengal Circle,Kolkata Region,North Presidency Division,"Jagatdal SO, N/A, Gupter Bagan SO",+91 83368 70080,http://www.qbinterior.in/,5.0,177.0,"Apanpally 2nd Ln, Barasat, Kolkata, West Bengal 700126",Barasat,22.7303106,88.4632233,ChIJrdGKnlGZ-DkR24wdbMiKpFo,https://www.google.com/maps/place/?q=place_id:ChIJrdGKnlGZ-DkR24wdbMiKpFo,part_334,2026-09-20 20:17:51,3351
Swastik design studio,Interior Designers,Design agency,Design agency,743125,West Bengal Circle,Kolkata Region,North Presidency Division,"Jagatdal SO, N/A, Gupter Bagan SO",+91 62897 35458,N/A,5.0,1.0,"Sen Para Rd, Buroshibtala, Chinsurah R S, Chinsurah, kolkata, West Bengal 712105","Buroshibtala, Chinsurah R S",22.8765215,88.3822023,ChIJe2bjRgCR-DkR0CTyVNMllHM,https://www.google.com/maps/place/?q=place_id:ChIJe2bjRgCR-DkR0CTyVNMllHM,part_334,2026-09-20 20:17:51,3352
Motion infratech,Interior Designers,Interior designer,"Interior designer, Building designer, Building consultant",743125,West Bengal Circle,Kolkata Region,North Presidency Division,"Jagatdal SO, N/A, Gupter Bagan SO",+91 82406 89747,https://www.facebook.com/share/1aCFJ4CskA/,4.4,5.0,"Narua Main Rd, Surerpukur, Chandannagar, West Bengal 712136",Surerpukur,22.870915099999998,88.36632949999999,ChIJLbs0TQiR-DkRxPKbPxThI6c,https://www.google.com/maps/place/?q=place_id:ChIJLbs0TQiR-DkRxPKbPxThI6c,part_334,2026-09-20 20:17:51,3353
Sujoy Interior & Furniture,Interior Designers,Carpenter,Carpenter,743125,West Bengal Circle,Kolkata Region,North Presidency Division,"Jagatdal SO, N/A, Gupter Bagan SO",N/A,N/A,,,"NATLING NATUNGRAM MITROPARA, PURBO BIDDHADHAR PUR, Shyamnagar, Basudebpur, Kolkata, West Bengal 743127","PURBO BIDDHADHAR PUR, Shyamnagar",22.8412678,88.3981428,ChIJ1QW899CR-DkRfVPP3Tff50Y,https://www.google.com/maps/place/?q=place_id:ChIJ1QW899CR-DkRfVPP3Tff50Y,part_334,2026-09-20 20:17:51,3354
Wood Stories,Interior Designers,Furniture store,Furniture store,743125,West Bengal Circle,Kolkata Region,North Presidency Division,"Jagatdal SO, N/A, Gupter Bagan SO",+91 98313 51539,N/A,4.6,12.0,"1st.FLOOR, BAISHAKHI ENCLAVE, opposite NDANE GAS OFFICE, Rash Behari Ave, opposite INDANE GAS OFFICE, Bagbazar, Chandannagar, West Bengal 712136","Bagbazar, Kolupukur Panchanantala",22.8637306,88.3673725,ChIJUQln0D6R-DkR9jrmhQYUQkM,https://www.google.com/maps/place/?q=place_id:ChIJUQln0D6R-DkR9jrmhQYUQkM,part_334,2026-09-20 20:17:51,3355
Harsh Interior,Interior Designers,Interior designer,Interior designer,743125,West Bengal Circle,Kolkata Region,North Presidency Division,"Jagatdal SO, N/A, Gupter Bagan SO",N/A,N/A,5.0,12.0,"H.No 02, b.l,no 09, Kankinara bazar, near Kali Mandir, Kankinara, kankinara, West Bengal 743126","Kankinara, Jagatdal",22.8645601,88.39652749999999,ChIJMc5fpiKR-DkRWn9A3FCVHuo,https://www.google.com/maps/place/?q=place_id:ChIJMc5fpiKR-DkRWn9A3FCVHuo,part_334,2026-09-20 20:17:51,3356
Addya Maa Interior (Interior Designer),Interior Designers,Interior designer,Interior designer,743125,West Bengal Circle,Kolkata Region,North Presidency Division,"Jagatdal SO, N/A, Gupter Bagan SO",N/A,N/A,,,"24/1, W Ghosh Para Rd, near Railway station, Shyamnagar, Bhatpara, West Bengal 743125",Shyamnagar,22.8620202,88.3843656,ChIJS1Hp2XyR-DkR5Zeqqu1xdC4,https://www.google.com/maps/place/?q=place_id:ChIJS1Hp2XyR-DkR5Zeqqu1xdC4,part_334,2026-09-20 20:17:52,3357
JEET Lights & Interiors,Interior Designers,Interior designer,Interior designer,743125,West Bengal Circle,Kolkata Region,North Presidency Division,"Jagatdal SO, N/A, Gupter Bagan SO",+91 89819 45060,N/A,,,"H/no.16 BL/no.21, Post-kankinara, N, Bhatpara, West Bengal 743194","N, Jagatdal",22.8640628,88.39174799999999,ChIJN0IUtqOR-DkRT-FTtJkroCI,https://www.google.com/maps/place/?q=place_id:ChIJN0IUtqOR-DkRT-FTtJkroCI,part_334,2026-09-20 20:17:52,3358
Boro ma enterprise,Interior Designers,Interior designer,Interior designer,743125,West Bengal Circle,Kolkata Region,North Presidency Division,"Jagatdal SO, N/A, Gupter Bagan SO",N/A,N/A,,,"VC22+M5J, Sthirpara, Kankinara, Jagatdal, Bhatpara, West Bengal 743126","Sthirpara, Kankinara, Jagatdal",22.851713399999998,88.4003915,ChIJCcjlWACR-DkRugJ9Ha6S-ns,https://www.google.com/maps/place/?q=place_id:ChIJCcjlWACR-DkRugJ9Ha6S-ns,part_334,2026-09-20 20:17:52,3359
Boro ma enterprise,Interior Designers,Interior designer,Interior designer,743125,West Bengal Circle,Kolkata Region,North Presidency Division,"Jagatdal SO, N/A, Gupter Bagan SO",N/A,N/A,,,"VC22+M5J, Sthirpara, Kankinara, Jagatdal, Bhatpara, West Bengal 743126","Sthirpara, Kankinara, Jagatdal",22.851713399999998,88.4003915,ChIJATkAGQCR-DkROODIwcfEwTo,https://www.google.com/maps/place/?q=place_id:ChIJATkAGQCR-DkROODIwcfEwTo,part_334,2026-09-20 20:17:52,3360
Ray Interior,Interior Designers,Interior designer,Interior designer,743126,West bengal circle,Kolkata Region,North Presidency Division,"Keotia BO, Kushdanga BO, Madral BO",+91 91236 92180,N/A,5.0,,"Gurdaha, Nutan Pally, Shyamnagar, Bhatpara, West Bengal 743127","Nutan Pally, Shyamnagar",22.8267435,88.3944372,ChIJVTcrBXGR-DkRsOa5_lzewt8,https://www.google.com/maps/place/?q=place_id:ChIJVTcrBXGR-DkRsOa5_lzewt8,part_334,2026-09-20 20:18:36,8402
CreativeR,Interior Designers,Interior designer,Interior designer,743126,West bengal circle,Kolkata Region,North Presidency Division,"Keotia BO, Kushdanga BO, Madral BO",+91 97483 32426,http://www.thecreativerinterior.com/,4.9,,"379 Garulia Main Road, Shyamnagar, 24 Parganas (N, N, West Bengal 743133","Noapara, Shyamnagar",22.822374399999998,88.3709348,ChIJV008u42Q-DkREb9p4L4luaI,https://www.google.com/maps/place/?q=place_id:ChIJV008u42Q-DkREb9p4L4luaI,part_334,2026-09-20 20:18:36,8403
Royalthinkers,Interior Designers,Interior designer,Interior designer,743126,West bengal circle,Kolkata Region,North Presidency Division,"Keotia BO, Kushdanga BO, Madral BO",+91 82406 51485,http://royalthinkers.com/,4.7,,"No. 344, Akanta Apan Market, E Ghoshpara Rd, Shyamnagar, Kolkata, Bhatpara, West Bengal 743123",Shyamnagar,22.870351799999998,88.4049417,ChIJFU__ucuW-DkRpfJPju-a9MI,https://www.google.com/maps/place/?q=place_id:ChIJFU__ucuW-DkRpfJPju-a9MI,part_334,2026-09-20 20:18:36,8404
False ceiling contactor|Saworks,Interior Designers,Interior designer,Interior designer,743126,West bengal circle,Kolkata Region,North Presidency Division,"Keotia BO, Kushdanga BO, Madral BO",+91 90078 05584,https://best-false-ceiling.grexa.site/,4.9,,"76, Rishi Bankim Chandra Rd, Naihati, West Bengal 743165",Naihati,22.8838161,88.4150251,ChIJVYnV4ryX-DkRsW2s4yTU12s,https://www.google.com/maps/place/?q=place_id:ChIJVYnV4ryX-DkRsW2s4yTU12s,part_334,2026-09-20 20:18:36,8405
Akriti Interiors,Interior Designers,Interior designer,"Interior designer, Design engineer",743126,West bengal circle,Kolkata Region,North Presidency Division,"Keotia BO, Kushdanga BO, Madral BO",+91 98744 38805,N/A,4.4,,"Phulpukur, Adarsha pally, Dharampur, Chinsurah, West Bengal 712101","Phulpukur, Adarsha pally, Dharampur",22.8925879,88.38429649999999,ChIJl71kA6iR-DkRZjZHeNBmQyM,https://www.google.com/maps/place/?q=place_id:ChIJl71kA6iR-DkRZjZHeNBmQyM,part_334,2026-09-20 20:18:36,8406
Dream Home & Design,Interior Designers,Interior designer,Interior designer,743126,West bengal circle,Kolkata Region,North Presidency Division,"Keotia BO, Kushdanga BO, Madral BO",N/A,N/A,5.0,,"Marwarikal, New Basti, near Khankha sarif, Naihati, Kolkata, West Bengal 743135",Naihati,22.889500299999998,88.4219435,ChIJnXtGPKeX-DkRxHxDwMSNiQQ,https://www.google.com/maps/place/?q=place_id:ChIJnXtGPKeX-DkRxHxDwMSNiQQ,part_334,2026-09-20 20:18:36,8407
Shri Ram Furniture & Interior,Interior Designers,Interior designer,Interior designer,743126,West bengal circle,Kolkata Region,North Presidency Division,"Keotia BO, Kushdanga BO, Madral BO",N/A,N/A,5.0,,"Madral Rd, Finga Para, bera para, Kankinara, Bhatpara, West Bengal 743126","Finga Para, bera para",22.870533299999998,88.4199184,ChIJ7XjfcXaX-DkRA1h6Bd7N0MY,https://www.google.com/maps/place/?q=place_id:ChIJ7XjfcXaX-DkRA1h6Bd7N0MY,part_334,2026-09-20 20:18:36,8408
DipSpace Interiors,Interior Designers,Interior designer,Interior designer,743126,West bengal circle,Kolkata Region,North Presidency Division,"Keotia BO, Kushdanga BO, Madral BO",N/A,N/A,,,"Shyamnagar, near Milan sangha club, Kowgachi, Chanditala, Barrackpure, West Bengal 743127","Kowgachi, Chanditala",22.8155203,88.39357749999999,ChIJAeakgrqR-DkRoDTrHZk6g7Y,https://www.google.com/maps/place/?q=place_id:ChIJAeakgrqR-DkRoDTrHZk6g7Y,part_334,2026-09-20 20:18:36,8409
M.N.E Interior,Interior Designers,Interior designer,Interior designer,743126,West bengal circle,Kolkata Region,North Presidency Division,"Keotia BO, Kushdanga BO, Madral BO",+91 76850 11560,https://www.instagram.com/wood.2good?igsh=MTQxcnB0ejExdnc3MQ==,4.8,,"Sondla Tank, Road, near ASHOKNAGAR BUS STOP, Ichhapur Defence Estate, West Bengal 743133",743126,22.813243099999998,88.3734168,ChIJd0PufxmR-DkRf0Fq7fI_o0U,https://www.google.com/maps/place/?q=place_id:ChIJd0PufxmR-DkRf0Fq7fI_o0U,part_334,2026-09-20 20:18:36,8410
M M INTERIOR,Interior Designers,Interior designer,Interior designer,743126,West bengal circle,Kolkata Region,North Presidency Division,"Keotia BO, Kushdanga BO, Madral BO",+91 91236 91427,N/A,5.0,,"446, Rishi Bankim Chandra Rd, Gouripur, laldigih, Naihati, Kolkata, West Bengal 743166","Gouripur, laldigih, Naihati",22.9009942,88.4186965,ChIJ5Vo_c_qV-DkR-uNot7utjyg,https://www.google.com/maps/place/?q=place_id:ChIJ5Vo_c_qV-DkR-uNot7utjyg,part_334,2026-09-20 20:18:36,8411
Gupta Interior - Modern & Affordable Furniture Store || Home & Office Furniture,Interior Designers,Furniture store,"Furniture store, Furniture wholesaler",743126,West bengal circle,Kolkata Region,North Presidency Division,"Keotia BO, Kushdanga BO, Madral BO",+91 98301 23121,https://guptainterior.com/,4.5,,"Rishi Bankim Chandra Rd, near 73 Bus Stand, Naihati, West Bengal 743165",Naihati,22.8838161,88.4150251,ChIJ15JM1-KX-DkRSO7jh8zyadE,https://www.google.com/maps/place/?q=place_id:ChIJ15JM1-KX-DkRSO7jh8zyadE,part_334,2026-09-20 20:18:36,8412
DREAM HOME DESIGNER,Interior Designers,Interior designer,Interior designer,743126,West bengal circle,Kolkata Region,North Presidency Division,"Keotia BO, Kushdanga BO, Madral BO",+91 90888 77791,N/A,4.8,17.0,"ipp siding, Kali Mandir, 16/c, near Hazinagar post office, Hazinagar, Bischpur, Naihati, Kolkata, West Bengal 743135","Hazinagar, Bischpur, Naihati",22.916058,88.410969,ChIJoztHHn6V-DkRx-k6GB8tvdk,https://www.google.com/maps/place/?q=place_id:ChIJoztHHn6V-DkRx-k6GB8tvdk,part_334,2026-09-20 20:18:37,8413
Creativities,Interior Designers,Interior Decorator,"Interior Decorator, Auto painting",743126,West bengal circle,Kolkata Region,North Presidency Division,"Keotia BO, Kushdanga BO, Madral BO",+91 87772 61200,N/A,5.0,131.0,"Kamalpur, Ichhapur Defence Estate, West Bengal 743127",Kamalpur,22.801646299999998,88.38526449999999,ChIJ9ZXnWs-R-DkRDDggY3umeLM,https://www.google.com/maps/place/?q=place_id:ChIJ9ZXnWs-R-DkRDDggY3umeLM,part_334,2026-09-20 20:18:37,8414
"R S Decor – Best Interior Designer in Barasat, Madhyamgram, Sodepur & Barrackpore",Interior Designers,Interior Decorator,Interior Decorator,743126,West bengal circle,Kolkata Region,North Presidency Division,"Keotia BO, Kushdanga BO, Madral BO",N/A,https://rsdecorinterior.com/,5.0,1.0,"more, Barrackpore - Barasat Rd, Sewli Telinipara, Debpukur, Kolkata, Chhota Kanthalia, West Bengal 700121","Sewli Telinipara, Debpukur",22.7609893,88.406594,ChIJSffSCbeZ-DkRL7y7jLtrR1s,https://www.google.com/maps/place/?q=place_id:ChIJSffSCbeZ-DkRL7y7jLtrR1s,part_334,2026-09-20 20:18:37,8415
Radhakrishna Enterprise,Interior Designers,Interior designer,Interior designer,743126,West bengal circle,Kolkata Region,North Presidency Division,"Keotia BO, Kushdanga BO, Madral BO",+91 98745 27519,N/A,5.0,,"1 No Gurdaha, Natunpara, Banarjee Para, Shyamnagar, Kolkata, Bhatpara, West Bengal 743127","Natunpara, Banarjee Para, Shyamnagar",22.825855,88.4002876,ChIJY75OGgCR-DkREGK3NwspqF0,https://www.google.com/maps/place/?q=place_id:ChIJY75OGgCR-DkREGK3NwspqF0,part_334,2026-09-20 20:18:38,8416
Sarkar Furniture & Interiors,Interior Designers,Interior designer,"Interior designer, Interior Decorator",743126,West bengal circle,Kolkata Region,North Presidency Division,"Keotia BO, Kushdanga BO, Madral BO",N/A,N/A,3.0,,"Banarjee Para, Shyamnagar, Kolkata, Bhatpara, West Bengal 743127","Banarjee Para, Shyamnagar",22.8316837,88.3991717,ChIJsyezgsuQ-DkR2XF83G8lKEw,https://www.google.com/maps/place/?q=place_id:ChIJsyezgsuQ-DkR2XF83G8lKEw,part_334,2026-09-20 20:18:38,8417
RD Designers,Interior Designers,Interior designer,Interior designer,743126,West bengal circle,Kolkata Region,North Presidency Division,"Keotia BO, Kushdanga BO, Madral BO",N/A,N/A,,,"31, Padmapukur Rd, Bhatpara, West Bengal 743129",Bhatpara,22.8650648,88.4107331,ChIJVeRfegCX-DkRDQMJk3r5anw,https://www.google.com/maps/place/?q=place_id:ChIJVeRfegCX-DkRDQMJk3r5anw,part_334,2026-09-20 20:18:38,8418
ECOPOLEY,Interior Designers,Interior designer,Interior designer,743126,West bengal circle,Kolkata Region,North Presidency Division,"Keotia BO, Kushdanga BO, Madral BO",+91 87774 36115,https://www.facebook.com/share/1Fnbni5C7D/?mibextid=wwXIfr,,,"6 no, Bijaynagar, Deshbandhu Pally, Naihati, Kolkata, West Bengal 743165","Bijaynagar, Deshbandhu Pally, Naihati",22.886515199999998,88.4315366,ChIJD_NjDgOX-DkRNGOmY7N1Ue0,https://www.google.com/maps/place/?q=place_id:ChIJD_NjDgOX-DkRNGOmY7N1Ue0,part_334,2026-09-20 20:18:38,8419
Rathtala,Interior Designers,Interior designer,Interior designer,743126,West bengal circle,Kolkata Region,North Presidency Division,"Keotia BO, Kushdanga BO, Madral BO",N/A,N/A,,,"743129, 31, Padmapukur Rd, Rathtala, Kankinara, Bhatpara, West Bengal 743129","Rathtala, Kankinara, Bhatpara",22.865064,88.4107355,ChIJubc8fgCX-DkRtUzaDd240lw,https://www.google.com/maps/place/?q=place_id:ChIJubc8fgCX-DkRtUzaDd240lw,part_334,2026-09-20 20:18:38,8420
OM INTIRIOR,Interior Designers,Interior designer,Interior designer,743126,West bengal circle,Kolkata Region,North Presidency Division,"Keotia BO, Kushdanga BO, Madral BO",+91 89819 14696,https://www.facebook.com/share/1CBZAimWgD/,5.0,,"Shalbagan, auto stand, shalbagan, R9GW FR7, Banarjee Para, Shyamnagar, Bhatpara, West Bengal 743127","shalbagan, R9GW FR7, Banarjee Para, Shyamnagar",22.82611,88.39707729999999,ChIJlwRu7D2R-DkR9eeBKpucSak,https://www.google.com/maps/place/?q=place_id:ChIJlwRu7D2R-DkR9eeBKpucSak,part_334,2026-09-20 20:18:38,8421
SHAL SEGUN: FURNITURES AND INTERIOR DECORATION,Interior Designers,Interior Decorator,"Interior Decorator, Furniture store, Kitchen furniture store, Modular home dealer, Office furniture store",743126,West bengal circle,Kolkata Region,North Presidency Division,"Keotia BO, Kushdanga BO, Madral BO",+91 93396 76095,N/A,4.0,15.0,"Debitala Road, Ichhapur, PS-Noapara, Nawabganj, Ichhapur, West Bengal 743144",Nawabganj,22.813482699999998,88.3660494,ChIJYQxSJYaQ-DkRTz-qwxuVxbw,https://www.google.com/maps/place/?q=place_id:ChIJYQxSJYaQ-DkRTz-qwxuVxbw,part_334,2026-09-20 20:18:38,8422
Morico Homes,Interior Designers,Interior designer,"Interior designer, Real Estate Builders & Construction Company",743127,West bengal circle,Kolkata Region,North Presidency Division,"Mondalpara BO, Paltapara BO, Purbabidyadharpur BO",+91 81000 14710,https://morico-homes.grexa.site/,5.0,,"near yatrik club, Seba Gram, Sevagram, North Barrackpur, Barrackpore, West Bengal 743122","Seba Gram, Sevagram",22.788211699999998,88.3727212,ChIJsQjAT9qb-DkRexIFuNsTEBY,https://www.google.com/maps/place/?q=place_id:ChIJsQjAT9qb-DkRexIFuNsTEBY,part_334,2026-09-20 20:19:22,11223
Breathing space designs,Interior Designers,Interior designer,Interior designer,743127,West bengal circle,Kolkata Region,North Presidency Division,"Mondalpara BO, Paltapara BO, Purbabidyadharpur BO",+91 75509 81816,N/A,4.8,,"Bus Stop, 4C ,Tirupati Apartment Uttarayn, Barrackpore, West Bengal 743122","Seba Gram, Palta",22.7869901,88.3683935,ChIJOUZK1n-b-DkRSsh8T2i332E,https://www.google.com/maps/place/?q=place_id:ChIJOUZK1n-b-DkRSsh8T2i332E,part_334,2026-09-20 20:19:22,11224
Fantasy Interior World,Interior Designers,Interior designer,Interior designer,743127,West bengal circle,Kolkata Region,North Presidency Division,"Mondalpara BO, Paltapara BO, Purbabidyadharpur BO",+91 79805 70449,https://www.fantasyinteriorworld.in/,5.0,,"Hridaypur Station Rd, Dakbanglow, Barasat, Kolkata, West Bengal 700127","Dakbanglow, Barasat",22.7096578,88.4747391,ChIJR_RPnGuZ-DkRH75Q1uLtxO4,https://www.google.com/maps/place/?q=place_id:ChIJR_RPnGuZ-DkRH75Q1uLtxO4,part_334,2026-09-20 20:19:23,11225
BISWAS FURNITURE & INTERIOR DESIGNER,Interior Designers,Interior designer,"Interior designer, Furniture store, Interior architect office, Interior Decorator",743127,West bengal circle,Kolkata Region,North Presidency Division,"Mondalpara BO, Paltapara BO, Purbabidyadharpur BO",+91 79801 11243,N/A,,,"430/B, Anandamath, Kanthadhar, Ichhapur Defence Estate, West Bengal 743144","Anandamath, Kanthadhar",22.7956753,88.3742726,ChIJ8-XCz3Ca-DkRLStaGro6sV8,https://www.google.com/maps/place/?q=place_id:ChIJ8-XCz3Ca-DkRLStaGro6sV8,part_334,2026-09-20 20:19:24,11226
Rupsha Enterprise,Interior Designers,Interior Decorator,Interior Decorator,743127,West bengal circle,Kolkata Region,North Presidency Division,"Mondalpara BO, Paltapara BO, Purbabidyadharpur BO",+91 89105 38407,N/A,5.0,4.0,"242/2/9, Gurdah, Shyamnagar, Bhatpara, West Bengal 743127","Gurdah, Shyamnagar",22.821545399999998,88.3998682,ChIJY0lDUQCR-DkRAu27kRq7r_g,https://www.google.com/maps/place/?q=place_id:ChIJY0lDUQCR-DkRAu27kRq7r_g,part_334,2026-09-20 20:19:24,11227
Livshapes,Interior Designers,Interior designer,"Interior designer, Interior architect office, Interior construction contractor, Interior Decorator, Interior fitting contractor",743127,West bengal circle,Kolkata Region,North Presidency Division,"Mondalpara BO, Paltapara BO, Purbabidyadharpur BO",+91 82404 03055,https://livshapes.com/,4.8,31.0,"1st Floor, Cedar Mall, HILAND WILLOWS, Unit no - 107, Street Number 622, Action Area IIB, Reckjoani, Kolkata, West Bengal 700161","Action Area IIB, Reckjoani",22.621743799999997,88.4817192,ChIJJylmnlbcM68RFxWXiueT2KU,https://www.google.com/maps/place/?q=place_id:ChIJJylmnlbcM68RFxWXiueT2KU,part_334,2026-09-20 20:19:25,11228
M/S Ghosh & co Furniture,Interior Designers,Interior designer,"Interior designer, Antique furniture restoration service, Antique furniture store, Furniture maker, Interior Decorator, Furniture store, Office furniture store",743127,West bengal circle,Kolkata Region,North Presidency Division,"Mondalpara BO, Paltapara BO, Purbabidyadharpur BO",+91 98049 10128,N/A,4.9,8.0,"237, Feeder Rd, Ganguli Para, Shyamnagar, Kolkata, Garshyamnagar, West Bengal 743127","Ganguli Para, Shyamnagar",22.8256052,88.38093169999999,ChIJaYBehXWR-DkRA1UKInUfo1M,https://www.google.com/maps/place/?q=place_id:ChIJaYBehXWR-DkRA1UKInUfo1M,part_334,2026-09-20 20:19:25,11229
ROY DECORS,Interior Designers,Interior designer,"Interior designer, Furniture store",743128,West Bengal Circle,Kolkata Region,North Presidency Division,Athpur SO,+91 90512 57204,N/A,3.5,,"62, East, Ghosh Para Rd, Authpur, Shyamnagar, Kolkata, Bhatpara, West Bengal 743128","Authpur, Shyamnagar",22.843016499999997,88.3815367,ChIJBQBPQ-eQ-DkRHqMyWGSIpaE,https://www.google.com/maps/place/?q=place_id:ChIJBQBPQ-eQ-DkRHqMyWGSIpaE,part_334,2026-09-20 20:20:06,13087
Feeloterior Pvt.Ltd,Interior Designers,Interior designer,"Interior designer, Computer repair service, Computer service, Computer store",743128,West Bengal Circle,Kolkata Region,North Presidency Division,Athpur SO,+91 96749 47485,https://feeloterior.wordpress.com/,5.0,,"82, New Cord Road, Shyamnagar, Bhatpara, West Bengal 743127",Shyamnagar,22.8355806,88.38309579999999,ChIJFV8fLpqR-DkRbwalMGf4d6w,https://www.google.com/maps/place/?q=place_id:ChIJFV8fLpqR-DkRbwalMGf4d6w,part_334,2026-09-20 20:20:06,13088
Interior Design,Interior Designers,Interior designer,Interior designer,743128,West Bengal Circle,Kolkata Region,North Presidency Division,Athpur SO,+91 62913 25562,N/A,,,"Kabi Bharat chandra Rd, Beshohata, Badamtala, Mankundu, Chandannagar, West Bengal 712136","Beshohata, Badamtala, Mankundu",22.848765099999998,88.3654902,ChIJZVUC_QeR-DkRQ6JBHjy99Us,https://www.google.com/maps/place/?q=place_id:ChIJZVUC_QeR-DkRQ6JBHjy99Us,part_334,2026-09-20 20:20:06,13089
SAADHVI WALLPAPER,Interior Designers,Interior designer,Interior designer,743128,West Bengal Circle,Kolkata Region,North Presidency Division,Athpur SO,N/A,N/A,,,"BINAPANI PATHAGAR PATH, Authpur, ATHPUR, Kolkata, Bhatpara, West Bengal 743128","Authpur, ATHPUR",22.8449253,88.38095249999999,ChIJlZ8S76yR-DkRGKr7uE5Rt3g,https://www.google.com/maps/place/?q=place_id:ChIJlZ8S76yR-DkRGKr7uE5Rt3g,part_334,2026-09-20 20:20:06,13090
GOLDEN GLOW,Interior Designers,Interior Decorator,Interior Decorator,743128,West Bengal Circle,Kolkata Region,North Presidency Division,Athpur SO,N/A,N/A,3.0,,"SHOP NO.3, Shyam Residency, 71/B, NEW CORD ROAD, Shyamnagar, SHYAMNAGAR, Bhatpara, West Bengal 743128",Shyamnagar,22.836809799999997,88.3847669,ChIJ1QF62WiR-DkR_fdtgzbQp1E,https://www.google.com/maps/place/?q=place_id:ChIJ1QF62WiR-DkR_fdtgzbQp1E,part_334,2026-09-20 20:20:06,13091
Walllush,Interior Designers,Interior Decorator,"Interior Decorator, Home improvement store, Wallpaper store",743128,West Bengal Circle,Kolkata Region,North Presidency Division,Athpur SO,N/A,N/A,5.0,,"Ghosh Para Rd, Shyamnagar, Bhatpara, West Bengal 743127",Shyamnagar,22.829076,88.38003719999999,ChIJ2w8RsQSX-DkRukxSAY_Snb8,https://www.google.com/maps/place/?q=place_id:ChIJ2w8RsQSX-DkRukxSAY_Snb8,part_334,2026-09-20 20:20:06,13092
SOURADITYA,Interior Designers,Interior designer,Interior designer,743128,West Bengal Circle,Kolkata Region,North Presidency Division,Athpur SO,+91 62921 48938,N/A,,,"RNTP Ln, Banarjee Para, Shyamnagar, Kolkata, Bhatpara, West Bengal 743127","Banarjee Para, Shyamnagar",22.8324979,88.38287539999999,ChIJxaHUaZiR-DkRY0dGqAFGsAA,https://www.google.com/maps/place/?q=place_id:ChIJxaHUaZiR-DkRY0dGqAFGsAA,part_334,2026-09-20 20:20:07,13093
AHANA INTERIOR,Interior Designers,Interior designer,"Interior designer, Interior architect office, Interior construction contractor",743128,West Bengal Circle,Kolkata Region,North Presidency Division,Athpur SO,+91 96744 44020,https://www.ahanainterior.co.in/,5.0,22.0,"4/16A, 66, Ashutosh Colony, Jadavgarh Colony, Haltu, Kolkata, West Bengal 700078","Ashutosh Colony, Jadavgarh Colony, Haltu",22.508051599999998,88.38185589999999,ChIJleFQZQBxAjoRA82b_uuhV-c,https://www.google.com/maps/place/?q=place_id:ChIJleFQZQBxAjoRA82b_uuhV-c,part_334,2026-09-20 20:20:08,13094
A. S. Interior & decor,Interior Designers,Furniture store,Furniture store,743128,West Bengal Circle,Kolkata Region,North Presidency Division,Athpur SO,N/A,https://asdecor.co.in/,4.9,11.0,"22/1, Diamond Harbour Rd, Block A, Block B, New Alipore, Kolkata, West Bengal 700053","Block A, Block B, New Alipore",22.5150999,88.3230622,ChIJdbgq18p7AjoRpmmYtjuhChk,https://www.google.com/maps/place/?q=place_id:ChIJdbgq18p7AjoRpmmYtjuhChk,part_334,2026-09-20 20:20:08,13095
Shree Radhe Interior,Interior Designers,Interior fitting contractor,Interior fitting contractor,743129,West Bengal Circle,Kolkata Region,North Presidency Division,Fingapara SO,+91 70035 94795,N/A,5.0,10.0,"90, Station Rd, Kankinara, Station, Bhatpara, Kolkata, West Bengal 743123","Kankinara, Station",22.86982,88.40594999999999,ChIJacY1pamX-DkR9KIdu4HITec,https://www.google.com/maps/place/?q=place_id:ChIJacY1pamX-DkR9KIdu4HITec,part_334,2026-09-20 20:20:50,14870
BARAMA INTERIOR DESIGNS,Interior Designers,Interior designer,Interior designer,743130,West Bengal Circle,Kolkata Region,North Presidency Division,Dogachia SO,N/A,N/A,5.0,1.0,"Maniktala,dogachia, Halder Bagan Ln, Naihati, Mamudpur, West Bengal 743166",Naihati,22.881472799999997,88.4470147,ChIJAQbded-X-DkR7ub3lhsZ4uM,https://www.google.com/maps/place/?q=place_id:ChIJAQbded-X-DkR7ub3lhsZ4uM,part_334,2026-09-20 20:21:34,16308
Creative Creation Pvt.Ltd,Interior Designers,Interior designer,Interior designer,743130,West Bengal Circle,Kolkata Region,North Presidency Division,Dogachia SO,+91 74390 66092,N/A,,,"Ward No.22, Naihati Urban, Bijaynagar, Indira Colony, Naihati, West Bengal 743165","Naihati Urban, Bijaynagar, Indira Colony, Naihati",22.884057,88.4330719,ChIJO97w2LGX-DkRXvDMS9Aiy6g,https://www.google.com/maps/place/?q=place_id:ChIJO97w2LGX-DkRXvDMS9Aiy6g,part_334,2026-09-20 20:21:34,16309
CANVAS INTERIOR,Interior Designers,Interior designer,Interior designer,743130,West Bengal Circle,Kolkata Region,North Presidency Division,Dogachia SO,+91 89714 09887,https://www.facebook.com/share/1S5axDvML7/,5.0,26.0,"Pratapaditya Nagar, Nagerbazar, Kamardanga, Kolkata, West Bengal 700028","Pratapaditya Nagar, Nagerbazar, Kamardanga",22.620636299999997,88.4194132,ChIJHb3VKiqf-DkRCZ4iRyAvipU,https://www.google.com/maps/place/?q=place_id:ChIJHb3VKiqf-DkRCZ4iRyAvipU,part_334,2026-09-20 20:21:34,16310
Creative Interiors,Interior Designers,Interior designer,Interior designer,743130,West Bengal Circle,Kolkata Region,North Presidency Division,Dogachia SO,+91 90388 05963,https://interiordesignersinkolkata.com/,4.9,60.0,"BC 94, Anurupa Pally Rd, Rabindrapally, Kestopur, Kolkata, West Bengal 700101","Rabindrapally, Kestopur",22.6041526,88.4262498,ChIJm_1Yc1h1AjoRSCiqJYZ-TYk,https://www.google.com/maps/place/?q=place_id:ChIJm_1Yc1h1AjoRSCiqJYZ-TYk,part_334,2026-09-20 20:21:34,16311
Aniruddha Interior-Best Interior Designer & Decorator in Bardhaman,Interior Designers,Interior designer,"Interior designer, Design agency, Furniture store, Home improvement store, Interior architect office, Interior construction contractor, Interior Decorator, Modular home dealer, PVC windows supplier",743130,West Bengal Circle,Kolkata Region,North Presidency Division,Dogachia SO,+91 94773 60886,https://www.aniruddhainterior.com/,4.7,69.0,"Aurovil Pally Sadhanpur, near Jora Shib Mondir, Bardhaman, West Bengal 713101",743130,23.2569025,87.87895499999999,ChIJNTnCYpZJ-DkRM3fDNnBDJpE,https://www.google.com/maps/place/?q=place_id:ChIJNTnCYpZJ-DkRM3fDNnBDJpE,part_334,2026-09-20 20:21:34,16312
Custom Design Interiors Pvt Ltd,Interior Designers,Interior designer,"Interior designer, Bathroom remodeler, Industrial design company, Interior Decorator, Kitchen remodeler",743130,West Bengal Circle,Kolkata Region,North Presidency Division,Dogachia SO,+91 94296 93643,https://customdesigninteriors-pvtltd.com/,4.6,177.0,"F1, First Floor, Girikunj Apartments S.N Roy Road, Sahapur, Buroshibtalla, New Alipore, Kolkata, West Bengal 700038","Buroshibtalla, New Alipore",22.506560699999998,88.3302215,ChIJZe5au-5xAjoR4LhysFuoIcI,https://www.google.com/maps/place/?q=place_id:ChIJZe5au-5xAjoR4LhysFuoIcI,part_334,2026-09-20 20:21:35,16313
Tusbu Interiors,Interior Designers,Interior designer,Interior designer,743130,West Bengal Circle,Kolkata Region,North Presidency Division,Dogachia SO,+91 98301 93361,N/A,4.0,,"Saheb Bagan, Mahadanga Colony, Mankundu, Chandannagar, West Bengal 712136","Saheb Bagan, Mahadanga Colony, Mankundu",22.8512618,88.3607416,ChIJq6qqqq6R-DkRvxHtgK-sssE,https://www.google.com/maps/place/?q=place_id:ChIJq6qqqq6R-DkRvxHtgK-sssE,part_334,2026-09-20 20:21:35,16314
Kolkata Renovation,Interior Designers,Interior Decorator,Interior Decorator,743133,West Bengal Circle,Kolkata Region,North Presidency Division,"Garulia SO, Pinkal SO",+91 80135 55040,https://youtube.com/channel/UCdGr0GN-GdhmEwWrzc-3TGA,,,"323, Kalyan Pally, Bichali, Garulia, West Bengal 743133","Bichali, Garulia",22.8224889,88.3593638,ChIJh3FUKUeR-DkR-AuJ_CHZUlk,https://www.google.com/maps/place/?q=place_id:ChIJh3FUKUeR-DkR-AuJ_CHZUlk,part_334,2026-09-20 20:22:18,17929
Bandhu Furniture and Interior Decorator,Interior Designers,Furniture maker,Furniture maker,743133,West Bengal Circle,Kolkata Region,North Presidency Division,"Garulia SO, Pinkal SO",+91 99035 74199,https://www.instagram.com/bandhu_furniture_and_interior?igsh=MXBqOXJ4bXFuc21wNA==,,,"Bazaar, beside SBI ATM, Bhadreswar, West Bengal 712124",743133,22.8255393,88.35343429999999,ChIJI3TYuF-R-DkRJTvOyaVWw3Y,https://www.google.com/maps/place/?q=place_id:ChIJI3TYuF-R-DkRJTvOyaVWw3Y,part_334,2026-09-20 20:22:18,17930
Concept Interiors,Interior Designers,Interior Decorator,Interior Decorator,743133,West Bengal Circle,Kolkata Region,North Presidency Division,"Garulia SO, Pinkal SO",N/A,N/A,,,"Ukil Bagan, Feeder Rd, Banarjee Para, Shyamnagar, West Bengal 743127","Banarjee Para, Shyamnagar",22.8226656,88.3911012,ChIJEzs3qfuR-DkRzUNAVLA3gVc,https://www.google.com/maps/place/?q=place_id:ChIJEzs3qfuR-DkRzUNAVLA3gVc,part_334,2026-09-20 20:22:18,17931
Bharat decor,Interior Designers,Interior Decorator,Interior Decorator,743133,West Bengal Circle,Kolkata Region,North Presidency Division,"Garulia SO, Pinkal SO",N/A,N/A,,,"N Rani gopal niwas, Garulia Main Rd, Garulia, Kolkata, West Bengal 743133",Garulia,22.821158099999998,88.3716589,ChIJL7D0h7KR-DkRjZjWeAoFZ0U,https://www.google.com/maps/place/?q=place_id:ChIJL7D0h7KR-DkRjZjWeAoFZ0U,part_334,2026-09-20 20:22:18,17932
SS INTERIOR,Interior Designers,Interior designer,"Interior designer, Kitchen supply store",743133,West Bengal Circle,Kolkata Region,North Presidency Division,"Garulia SO, Pinkal SO",+91 91230 84218,N/A,,,"292, Garulia Main Rd, Garulia, Kolkata, West Bengal 743133",Garulia,22.822173,88.37071499999999,ChIJnz9juo2Q-DkRg7ehO5Y8WrA,https://www.google.com/maps/place/?q=place_id:ChIJnz9juo2Q-DkRg7ehO5Y8WrA,part_334,2026-09-20 20:22:18,17933
Raha Interior,Interior Designers,Interior designer,Interior designer,743134,West Bengal Circle,Kolkata Region,North Presidency Division,Halishahar SO,+91 98367 12416,N/A,5.0,3.0,"R.M.R, C Lane, Halisahar, Kanchrapara, West Bengal 743134","C Lane, Halisahar",22.9386875,88.42192849999999,ChIJZ4WP6BqV-DkRy-9YAMCsZag,https://www.google.com/maps/place/?q=place_id:ChIJZ4WP6BqV-DkRy-9YAMCsZag,part_334,2026-09-20 20:22:59,19470
Design Scene Halisahar | Interior Decoration,Interior Designers,Interior Decorator,Interior Decorator,743134,West Bengal Circle,Kolkata Region,North Presidency Division,Halishahar SO,+91 62891 68807,N/A,,,"Sarkar Baazar, Halisahar Station Road, Halisahar, Kolkata, Kanchrapara, West Bengal 743136","Halisahar Station Road, Halisahar",22.932343,88.4189166,ChIJ6VLjJi2V-DkRutTlcFnk9fY,https://www.google.com/maps/place/?q=place_id:ChIJ6VLjJi2V-DkRutTlcFnk9fY,part_334,2026-09-20 20:22:59,19471
A P Decor,Interior Designers,Interior designer,"Interior designer, Wallpaper store",743134,West Bengal Circle,Kolkata Region,North Presidency Division,Halishahar SO,+91 98044 14226,N/A,5.0,11.0,"13/1, Banak Para Rd, Hazi Nagar, Halisahar, West Bengal 743135","Hazi Nagar, Halisahar",22.9114158,88.41158569999999,ChIJkXhsu9WV-DkRyj3o875KabI,https://www.google.com/maps/place/?q=place_id:ChIJkXhsu9WV-DkRyj3o875KabI,part_334,2026-09-20 20:22:59,19472
Rishav's Design,Interior Designers,Interior designer,Interior designer,743134,West Bengal Circle,Kolkata Region,North Presidency Division,Halishahar SO,N/A,N/A,,,"185/150/100, Rani Rashmoni Ghat Rd, Halisahar, Kanchrapara, West Bengal 743145",Halisahar,22.9538027,88.4208424,ChIJB0m-X0yV-DkRg6qBjQHmWlE,https://www.google.com/maps/place/?q=place_id:ChIJB0m-X0yV-DkRg6qBjQHmWlE,part_334,2026-09-20 20:22:59,19473
SIKDER DESIGN,Interior Designers,Interior designer,Interior designer,743134,West Bengal Circle,Kolkata Region,North Presidency Division,Halishahar SO,+91 96742 21223,N/A,,,"G.P. Road, Bidhanpally bus stand, near Sonar bhuban,kalyani,Nadia, 741235, Kanchrapara, West Bengal 743145","Block B, Rathtala",22.956229699999998,88.4241887,ChIJA3rNafKU-DkRZtBi4_fCrK8,https://www.google.com/maps/place/?q=place_id:ChIJA3rNafKU-DkRZtBi4_fCrK8,part_334,2026-09-20 20:22:59,19474
Sikder Modern Interior,Interior Designers,Interior Decorator,Interior Decorator,743134,West Bengal Circle,Kolkata Region,North Presidency Division,Halishahar SO,N/A,N/A,5.0,5.0,"Shop No - 04, XC6G+F8J G.P Road, Bus Stand, G.P, Road, near Sonar Sonar Bhuban, Bidhanpally, Rathtala, Kalyani, West Bengal 741235","Bidhanpally, Rathtala",22.9562216,88.4241673,ChIJoSVcW7GV-DkR_dVLX4IWREI,https://www.google.com/maps/place/?q=place_id:ChIJoSVcW7GV-DkR_dVLX4IWREI,part_334,2026-09-20 20:22:59,19475
Sonu Carpenter,Interior Designers,Interior Decorator,Interior Decorator,743134,West Bengal Circle,Kolkata Region,North Presidency Division,Halishahar SO,+91 84207 78252,N/A,,,"Umar Sardar Road, Baba Huzra, near chashma Shah, Hazinagar, Mariwarikal, West Bengal 743135","Hazinagar, Mariwarikal, Halisahar",22.918450699999998,88.4119891,ChIJnfE-SSqV-DkRjBs6cGxMRj4,https://www.google.com/maps/place/?q=place_id:ChIJnfE-SSqV-DkRjBs6cGxMRj4,part_334,2026-09-20 20:22:59,19476
P.S. INTERIORS DESIGN AND DECORATION,Interior Designers,Apartment building,Apartment building,743134,West Bengal Circle,Kolkata Region,North Presidency Division,Halishahar SO,N/A,N/A,,,"09/B, Majhi Para lane, Bagmor, Halisahar, Kanchrapara, West Bengal 743145","Bagmor, Halisahar",22.952856999999998,88.42322999999999,ChIJ15PlRACV-DkREaoEsKyoEQ4,https://www.google.com/maps/place/?q=place_id:ChIJ15PlRACV-DkREaoEsKyoEQ4,part_334,2026-09-20 20:22:59,19477
Halisahar,Interior Designers,Interior Decorator,Interior Decorator,743134,West Bengal Circle,Kolkata Region,North Presidency Division,Halishahar SO,N/A,N/A,,,"WCV9+VCX, Ghosh Para Rd, Halisahar, Kanchrapara, West Bengal 743134",Halisahar,22.9447284,88.4186028,ChIJkSFYRwCV-DkRJ7b5zDk0gOM,https://www.google.com/maps/place/?q=place_id:ChIJkSFYRwCV-DkRJ7b5zDk0gOM,part_334,2026-09-20 20:22:59,19478
DREM HOME DESIGNER,Interior Designers,Interior Decorator,Interior Decorator,743134,West Bengal Circle,Kolkata Region,North Presidency Division,Halishahar SO,N/A,N/A,,,"WC97+3JJ, Hazinagar, Bischpur, Halisahar, Kolkata, West Bengal 743135","Hazinagar, Bischpur, Halisahar",22.917707999999998,88.4140165,ChIJf6prCQCV-DkRI4J_xV0EdZ4,https://www.google.com/maps/place/?q=place_id:ChIJf6prCQCV-DkRI4J_xV0EdZ4,part_334,2026-09-20 20:22:59,19479
Lucarmate Epoxy Solution,Interior Designers,Interior designer,Interior designer,743134,West Bengal Circle,Kolkata Region,North Presidency Division,Halishahar SO,N/A,N/A,,,"WCW9+JHQ, Halisahar, Kanchrapara, West Bengal 743134",Halisahar,22.9465951,88.41898789999999,ChIJD4y7QwCV-DkRd4irNAzY1Ps,https://www.google.com/maps/place/?q=place_id:ChIJD4y7QwCV-DkRd4irNAzY1Ps,part_334,2026-09-20 20:22:59,19480
SPS Design,Interior Designers,Interior designer,Interior designer,743134,West Bengal Circle,Kolkata Region,North Presidency Division,Halishahar SO,+91 96813 43135,N/A,3.7,3.0,"WCMC+M73 mailpukur par, Halisahar Station Road, Halisahar, Kanchrapara, West Bengal 743136","Halisahar Station Road, Halisahar",22.9341327,88.4206564,ChIJ5-c5JzuV-DkRkLvdBb6cbVI,https://www.google.com/maps/place/?q=place_id:ChIJ5-c5JzuV-DkRkLvdBb6cbVI,part_334,2026-09-20 20:23:00,19481
C.S Creation & Interior,Interior Designers,Interior Decorator,Interior Decorator,743134,West Bengal Circle,Kolkata Region,North Presidency Division,Halishahar SO,+91 98008 75951,https://www.facebook.com/profile.php?id=100063847762765&mibextid=ZbWKwL,5.0,11.0,"Benfed Ln, Laxmipur Math, Bardhaman, West Bengal 713104",Laxmipur Math,23.2548592,87.86209439999999,ChIJV06KwSVJ-DkR6NYmxUgW4a0,https://www.google.com/maps/place/?q=place_id:ChIJV06KwSVJ-DkR6NYmxUgW4a0,part_334,2026-09-20 20:23:01,19482
Ashiyana Design World,Interior Designers,Real Estate Builders & Construction Company,Real Estate Builders & Construction Company,743134,West Bengal Circle,Kolkata Region,North Presidency Division,Halishahar SO,+91 89007 58833,https://ashiyanadesignworld.in/,5.0,3.0,"WARD 04, Girls High School, PC Sen Rd, opposite of Arambagh, Arambag, West Bengal 712601",743134,22.8815471,87.78373289999999,ChIJs_qJTaUT-DkRnp1JHSZ00Tc,https://www.google.com/maps/place/?q=place_id:ChIJs_qJTaUT-DkRnp1JHSZ00Tc,part_334,2026-09-20 20:23:01,19483
DECORIVA INTERIOR SHOP,Interior Designers,Interior Decorator,Interior Decorator,743135,West bengal circle,Kolkata Region,North Presidency Division,"Jetia BO, Malancha BO, Hazinagar SO",+91 70039 97973,N/A,5.0,,"18 No, Jan Md Ghat Road, Naihati, Kolkata, West Bengal 743165",Naihati,22.889689699999998,88.41547039999999,ChIJ36ydfMKX-DkRVpGLze1Tn8I,https://www.google.com/maps/place/?q=place_id:ChIJ36ydfMKX-DkRVpGLze1Tn8I,part_334,2026-09-20 20:23:42,21022
Ajit Celing Decoration,Interior Designers,Interior designer,"Interior designer, Interior architect office",743135,West bengal circle,Kolkata Region,North Presidency Division,"Jetia BO, Malancha BO, Hazinagar SO",+91 93309 75107,N/A,,,"Survey College, Lichu Bagan, Subhash Nagar, Bandel, Chinsurah, West Bengal 712103",Subhash Nagar,22.922996299999998,88.3862071,ChIJA6mzbwCT-DkR3af41V1u5AA,https://www.google.com/maps/place/?q=place_id:ChIJA6mzbwCT-DkR3af41V1u5AA,part_334,2026-09-20 20:23:42,21023
Hometech,Interior Designers,Interior designer,"Interior designer, Furniture Manufacturer, Furniture store, Home builder, Interior architect office, Interior construction contractor, Interior Decorator, Modular home builder, Office furniture store",743135,West bengal circle,Kolkata Region,North Presidency Division,"Jetia BO, Malancha BO, Hazinagar SO",+91 70035 78914,http://www.hometechinteriors.in/,4.9,680.0,"1, 2d/1, Ganguly Para Ln, Ganguly Para Lane, Gangulipara, Cossipore, Kolkata, West Bengal 700002","Ganguly Para Lane, Gangulipara, Cossipore",22.613391699999998,88.3841781,ChIJYarWsxWd-DkRu-p8JBMhjcM,https://www.google.com/maps/place/?q=place_id:ChIJYarWsxWd-DkRu-p8JBMhjcM,part_334,2026-09-20 20:23:42,21024
Bosky,Interior Designers,Interior designer,"Interior designer, Bedroom furniture store, Condominium complex, Interior architect office, Interior Decorator, Interior fitting contractor, Interior plant service, Modular home builder, Residential college",743135,West bengal circle,Kolkata Region,North Presidency Division,"Jetia BO, Malancha BO, Hazinagar SO",+91 98300 06424,https://boskyinterior.com/,4.8,463.0,"2nd Floor, Shop no, 237 & 238, Street Number 106, Sub-Central Business District(Action Area 1), Action Area I, Newtown, Kolkata, West Bengal 700107","Sub-Central Business District(Action Area 1), Action Area I, Newtown",22.579653399999998,88.45984299999999,ChIJ606Lw7J1AjoRPGA5aLIDCIc,https://www.google.com/maps/place/?q=place_id:ChIJ606Lw7J1AjoRPGA5aLIDCIc,part_334,2026-09-20 20:23:42,21025
JAYASREE ENTERPRISE & COMPANY,Interior Designers,Interior designer,"Interior designer, Iron works, Steel fabricator",743135,West bengal circle,Kolkata Region,North Presidency Division,"Jetia BO, Malancha BO, Hazinagar SO",+91 86979 21571,https://jayashree.universalsmartservice.com/,4.6,18.0,"Manushpur Rd, near aniruddha school, manasatala, Bandel, Chinsurah, West Bengal 712103",manasatala,22.9225981,88.3928139,ChIJT9wvXcaT-DkRwFj0N_ApQPU,https://www.google.com/maps/place/?q=place_id:ChIJT9wvXcaT-DkRwFj0N_ApQPU,part_334,2026-09-20 20:23:42,21026
Cee Bee Design Studio,Interior Designers,Interior designer,"Interior designer, Furniture Manufacturer, Interior construction contractor, Interior fitting contractor",743135,West bengal circle,Kolkata Region,North Presidency Division,"Jetia BO, Malancha BO, Hazinagar SO",+91 86973 06015,https://www.ceebeedesignstudio.com/interior-designer-in-kolkata,4.4,255.0,"111/5, Rajdanga Main Rd, Nabapally, Sector F, East Kolkata Twp, Kolkata, West Bengal 700107","Nabapally, Sector F, East Kolkata Township",22.5134768,88.39294129999999,ChIJoSmqxlVxAjoRm8E0mcKTdQw,https://www.google.com/maps/place/?q=place_id:ChIJoSmqxlVxAjoRm8E0mcKTdQw,part_334,2026-09-20 20:23:42,21027
Poggo Interior & Exterior Studio,Interior Designers,Interior designer,Interior designer,743135,West bengal circle,Kolkata Region,North Presidency Division,"Jetia BO, Malancha BO, Hazinagar SO",+91 98042 55740,N/A,,,"162, Halishahar Station Road, Halisahar Station Road, Halisahar, Kolkata, Kanchrapara, West Bengal 743136","Halisahar Station Road, Halisahar",22.9243819,88.43553519999999,ChIJTQOIHMqV-DkROUnWEwHTSvg,https://www.google.com/maps/place/?q=place_id:ChIJTQOIHMqV-DkROUnWEwHTSvg,part_334,2026-09-20 20:23:43,21028
Modern Designer Furniture,Interior Designers,Furniture store,Furniture store,743135,West bengal circle,Kolkata Region,North Presidency Division,"Jetia BO, Malancha BO, Hazinagar SO",+91 93394 90004,https://modern-designer.grexa.site/,4.1,,"WCCQ+J4R, Jetia Bazar Rd, near Down Platform, Bizpur, Halisahar, Kolkata, Kanchrapara, West Bengal 743135","Bizpur, Halisahar",22.921701499999998,88.437776,ChIJDwTEKRCU-DkRLpRqPUDBuLM,https://www.google.com/maps/place/?q=place_id:ChIJDwTEKRCU-DkRLpRqPUDBuLM,part_334,2026-09-20 20:23:43,21029
The Interior Shop,Interior Designers,Wallpaper store,"Wallpaper store, Flooring store",743135,West bengal circle,Kolkata Region,North Presidency Division,"Jetia BO, Malancha BO, Hazinagar SO",+91 97488 30774,https://www.facebook.com/theinteriorshopkolkata/,4.9,,"Ground Floor, 143D, Sarat Bose Rd, near Sishu Mangal Hospital, Hazra, Kalighat, Kolkata, West Bengal 700026","Hazra, Kalighat",22.521632699999998,88.3516487,ChIJzxGXTDh3AjoRRhlu9TrJIwc,https://www.google.com/maps/place/?q=place_id:ChIJzxGXTDh3AjoRRhlu9TrJIwc,part_334,2026-09-20 20:23:44,21030
Paul's Architectural studio,Interior Designers,Interior designer,"Interior designer, Architectural designer",743136,West Bengal Circle,Kolkata Region,North Presidency Division,Nabanagar SO,+91 89102 99119,N/A,5.0,,"KUMORPARA, near MAX, Kanchrapara, West Bengal 743145",Halisahar,22.9510009,88.4273238,ChIJyTsgyfaU-DkRK5npAhkIIJY,https://www.google.com/maps/place/?q=place_id:ChIJyTsgyfaU-DkRK5npAhkIIJY,part_334,2026-09-20 20:24:23,22159
Magnum wallpapers and interior,Interior Designers,Interior designer,Interior designer,743144,West Bengal Circle,Kolkata Region,North Presidency Division,"Ichapur Nawabganj SO, Anandamath SO, Ichapur Rifle Factory SO",N/A,N/A,,,"Sreepally, Bhim Rao Ambedkar, Palta, West Bengal 743122",Palta,22.782360699999998,88.3742005,ChIJ53RqQSqb-DkR4sTnbX_LXyA,https://www.google.com/maps/place/?q=place_id:ChIJ53RqQSqb-DkR4sTnbX_LXyA,part_334,2026-09-20 20:25:05,23020
Das enterprise,Interior Designers,Interior designer,Interior designer,743144,West Bengal Circle,Kolkata Region,North Presidency Division,"Ichapur Nawabganj SO, Anandamath SO, Ichapur Rifle Factory SO",+91 74392 47342,N/A,,,"Anandamath, Kanthadhar, Ichhapur Defence Estate, West Bengal 743144","Anandamath, Kanthadhar",22.795566599999997,88.37799389999999,ChIJeVjMHYmb-DkRu1St7PcnIWU,https://www.google.com/maps/place/?q=place_id:ChIJeVjMHYmb-DkRu1St7PcnIWU,part_334,2026-09-20 20:25:05,23021
chakraborty construction and Interior,Interior Designers,Interior Decorator,Interior Decorator,743144,West Bengal Circle,Kolkata Region,North Presidency Division,"Ichapur Nawabganj SO, Anandamath SO, Ichapur Rifle Factory SO",N/A,https://decorationzone2005.blogspot.com/,,,"Anandamath, Barrackpore, Ichhapur Defence Estate, West Bengal 743144",Anandamath,22.8000877,88.37552629999999,ChIJx8_k17Gb-DkRk8gIAi4Q0V8,https://www.google.com/maps/place/?q=place_id:ChIJx8_k17Gb-DkRk8gIAi4Q0V8,part_334,2026-09-20 20:25:05,23022
Tara Ma Interior,Interior Designers,Interior designer,Interior designer,743144,West Bengal Circle,Kolkata Region,North Presidency Division,"Ichapur Nawabganj SO, Anandamath SO, Ichapur Rifle Factory SO",+91 99578 50934,N/A,,,"Palta, Bhim Rao Ambedkar, Sreepally, Barrackpore, West Bengal 743122",Sreepally,22.7825709,88.3738769,ChIJITa4Hxib-DkRJSuP3KHA7dc,https://www.google.com/maps/place/?q=place_id:ChIJITa4Hxib-DkRJSuP3KHA7dc,part_334,2026-09-20 20:25:05,23023
Sm Interior,Interior Designers,Interior designer,Interior designer,743144,West Bengal Circle,Kolkata Region,North Presidency Division,"Ichapur Nawabganj SO, Anandamath SO, Ichapur Rifle Factory SO",+91 97488 00972,N/A,,,"21, GT Rd, Champdani, Baidyabati, West Bengal 712222",Champdani,22.796546,88.3452846,ChIJnwR090Wb-DkRNs6CIjM8vjI,https://www.google.com/maps/place/?q=place_id:ChIJnwR090Wb-DkRNs6CIjM8vjI,part_334,2026-09-20 20:25:05,23024
Arka Designs,Interior Designers,Interior designer,Interior designer,743144,West Bengal Circle,Kolkata Region,North Presidency Division,"Ichapur Nawabganj SO, Anandamath SO, Ichapur Rifle Factory SO",+91 93308 11584,N/A,5.0,,"A-8/51, near B.R Ambedkar Uddyan, Block A 8, Block A2, Block A, Kalyani, West Bengal 741235","Block A 8, Block A2, Block A",22.9675618,88.4576611,ChIJa0WbOC2_-DkRz5Df_wC-4Dk,https://www.google.com/maps/place/?q=place_id:ChIJa0WbOC2_-DkRz5Df_wC-4Dk,part_334,2026-09-20 20:25:05,23025
DECORIZE(home 2 heaven),Interior Designers,Interior designer,"Interior designer, Service establishment",743144,West Bengal Circle,Kolkata Region,North Presidency Division,"Ichapur Nawabganj SO, Anandamath SO, Ichapur Rifle Factory SO",+91 90020 55200,N/A,,,"DECORIZE(home 2 heaven), 743144, India",743144,22.6893088,88.7149156,ChIJJ9eDSFYWswwRNbfd-9Pm1SQ,https://www.google.com/maps/place/?q=place_id:ChIJJ9eDSFYWswwRNbfd-9Pm1SQ,part_334,2026-09-20 20:25:06,23026
Roopsha Interior,Interior Designers,Interior designer,Interior designer,743144,West Bengal Circle,Kolkata Region,North Presidency Division,"Ichapur Nawabganj SO, Anandamath SO, Ichapur Rifle Factory SO",+91 91634 45795,N/A,,,"Golapbagan,P.O.-Ichapur Nawabgunj,P.S.-Noapara,DIST-North 24 pgs,PIN, Ichhapur Defence Estate, West Bengal 743144","Golapbagan, Nawabganj",22.794931,88.3662274,ChIJf6DaTXOb-DkRL2rp9VKNR3c,https://www.google.com/maps/place/?q=place_id:ChIJf6DaTXOb-DkRL2rp9VKNR3c,part_334,2026-09-20 20:25:06,23027
Asish Interior,Interior Designers,Interior designer,Interior designer,743144,West Bengal Circle,Kolkata Region,North Presidency Division,"Ichapur Nawabganj SO, Anandamath SO, Ichapur Rifle Factory SO",N/A,N/A,,,"East, No 220, Ghosh Para Rd, Sastitala, Ichhapur Defence Estate, West Bengal 743144",Sastitala,22.807241899999998,88.3709576,ChIJs39FaYOQ-DkRhuP1FnerUUQ,https://www.google.com/maps/place/?q=place_id:ChIJs39FaYOQ-DkRhuP1FnerUUQ,part_334,2026-09-20 20:25:06,23028
Queen Bee Interior,Interior Designers,Interior Decorator,Interior Decorator,743145,West bengal circle,Kolkata Region,North Presidency Division,"Chandua BO, Majhipara BO, Saliadaha BO",+91 90075 15515,https://www.queenbeeinterior.com/,5.0,8.0,"7 A/1, Kabi Guru Rabindra Path, Station Road, Kanchrapara, West Bengal 743145",Kanchrapara Loco,22.946593099999998,88.45026639999999,ChIJ9bf9L3-V-DkRUvrJpHe6uCY,https://www.google.com/maps/place/?q=place_id:ChIJ9bf9L3-V-DkRUvrJpHe6uCY,part_334,2026-09-20 20:25:46,24444
ULOOK interior best designer in Kalyani,Interior Designers,Interior designer,"Interior designer, Furniture maker, Painter",743145,West bengal circle,Kolkata Region,North Presidency Division,"Chandua BO, Majhipara BO, Saliadaha BO",+91 90736 15965,https://www.ulook.in/,5.0,35.0,"B1, B1/30, Kalyani, West Bengal 741235","B1, B1/30",22.9836532,88.4300985,ChIJU50OhxGV-DkRHvK6YbvA8Vk,https://www.google.com/maps/place/?q=place_id:ChIJU50OhxGV-DkRHvK6YbvA8Vk,part_334,2026-09-20 20:25:46,24445
Studio VauXury - Interior Designs & Arts,Interior Designers,Interior designer,"Interior designer, Architecture firm",743145,West bengal circle,Kolkata Region,North Presidency Division,"Chandua BO, Majhipara BO, Saliadaha BO",+91 82404 49486,http://www.studiovauxury.online/,5.0,4.0,"Central Park, B 10, Block B, Kalyani, West Bengal 741235","B 10, Block B",22.975173299999998,88.4361065,ChIJdXwVV8snhosRwx7-YHFrWbM,https://www.google.com/maps/place/?q=place_id:ChIJdXwVV8snhosRwx7-YHFrWbM,part_334,2026-09-20 20:25:46,24446
"ARTIFICER CREATION - Interior and Exterior Designer, Kolkata",Interior Designers,Interior designer,Interior designer,743145,West bengal circle,Kolkata Region,North Presidency Division,"Chandua BO, Majhipara BO, Saliadaha BO",+91 92393 41035,N/A,4.9,11.0,"4/4 Kataganj, Bedibhawan, Kalyani, West Bengal 741250",743145,22.958641399999998,88.4765039,ChIJE4RsKWOV-DkRxzlt7UieOns,https://www.google.com/maps/place/?q=place_id:ChIJE4RsKWOV-DkRxzlt7UieOns,part_334,2026-09-20 20:25:46,24447
Puja Interior,Interior Designers,Interior Decorator,"Interior Decorator, Chimney services, Real Estate Builders & Construction Company, Water purification company",743145,West bengal circle,Kolkata Region,North Presidency Division,"Chandua BO, Majhipara BO, Saliadaha BO",+91 82405 82453,N/A,5.0,18.0,"B8/51,kalyni,nadia Halisahar,kona colony bazar,North 24 PGS 12c Surha Cross lane,kol -700010 Kankinara,subhas pur, Halisahar, West Bengal 743135","A 9X, Block A9, Halisahar",22.9680538,88.46592679999999,ChIJozNjg4uV-DkROrZ0LMTypt0,https://www.google.com/maps/place/?q=place_id:ChIJozNjg4uV-DkROrZ0LMTypt0,part_334,2026-09-20 20:25:46,24448
Raja Interior Decorations,Interior Designers,Interior designer,Interior designer,743145,West bengal circle,Kolkata Region,North Presidency Division,"Chandua BO, Majhipara BO, Saliadaha BO",+91 98363 46684,N/A,4.6,5.0,"Charapole, PO-Kampa, Bangaon Road, Dist, Kanchrapara, West Bengal 743193",743145,22.9294984,88.4723879,ChIJmXJ8nXOV-DkRG_Q1RiCcZR4,https://www.google.com/maps/place/?q=place_id:ChIJmXJ8nXOV-DkRG_Q1RiCcZR4,part_334,2026-09-20 20:25:46,24449
INTERIOZON,Interior Designers,Interior designer,"Interior designer, Architecture firm",743145,West bengal circle,Kolkata Region,North Presidency Division,"Chandua BO, Majhipara BO, Saliadaha BO",+91 62912 17018,http://www.interiozon.com/,4.9,39.0,"B-16/09 (ITI MORE, Kalyani, West Bengal 741235","B 16, Block B",22.9801555,88.4382808,ChIJN7vQYTaV-DkRZLHf8vVn-zM,https://www.google.com/maps/place/?q=place_id:ChIJN7vQYTaV-DkRZLHf8vVn-zM,part_334,2026-09-20 20:25:46,24450
Craftertech Solutions Global Pvt. Ltd.,Interior Designers,Interior designer,"Interior designer, Architecture firm, Civil engineering company, Electrical engineer, Interior architect office, Design engineer, Landscape architect, Landscape designer, Structural engineer",743145,West bengal circle,Kolkata Region,North Presidency Division,"Chandua BO, Majhipara BO, Saliadaha BO",+91 72787 52240,http://www.craftertechsolutions.com/?utm_source=google&utm_medium=wix_google_business_profile&utm_campaign=6948332018711177349,4.9,89.0,"B-14/73, Kalyani, Kalyani, West Bengal 741235","B 14, Block B",22.965235699999997,88.4340359,ChIJtatf8AGV-DkRcQtnnXPTjf4,https://www.google.com/maps/place/?q=place_id:ChIJtatf8AGV-DkRcQtnnXPTjf4,part_334,2026-09-20 20:25:46,24451
Online Mistiri,Interior Designers,Interior designer,"Interior designer, Interior Decorator",743145,West bengal circle,Kolkata Region,North Presidency Division,"Chandua BO, Majhipara BO, Saliadaha BO",+91 89819 24402,https://sites.google.com/view/onlinemistiri,4.9,7.0,"Shop No. 13, Ambedkar Municipal Market, beside Alpana Petrol Pump, Halisahar, Kanchrapara, West Bengal 743145",Halisahar,22.9500846,88.4376121,ChIJb8y9DFGV-DkRZmecRKwfUQI,https://www.google.com/maps/place/?q=place_id:ChIJb8y9DFGV-DkRZmecRKwfUQI,part_334,2026-09-20 20:25:46,24452
Roy interior decorator & fashion dress collection,Interior Designers,Interior Decorator,Interior Decorator,743145,West bengal circle,Kolkata Region,North Presidency Division,"Chandua BO, Majhipara BO, Saliadaha BO",N/A,N/A,,,"Dhrampur mansatala, Kanchrapara, Palashi, West Bengal 743145",743145,22.928570699999998,88.4915685,ChIJz87LRpC_-DkRCA1R0ICzLJs,https://www.google.com/maps/place/?q=place_id:ChIJz87LRpC_-DkRCA1R0ICzLJs,part_334,2026-09-20 20:25:46,24453
Aradhya Interior,Interior Designers,Interior Decorator,Interior Decorator,743145,West bengal circle,Kolkata Region,North Presidency Division,"Chandua BO, Majhipara BO, Saliadaha BO",+91 90746 25398,http://aradhya-interior.in/,4.8,64.0,"Bandel Bazar St, Station Road, South Naldanga, Gherabagan, Bandel, West Bengal 712123","Station Road, South Naldanga",22.9210139,88.37323579999999,ChIJg0flSymT-DkRmcQHxneUMlU,https://www.google.com/maps/place/?q=place_id:ChIJg0flSymT-DkRmcQHxneUMlU,part_334,2026-09-20 20:25:47,24454
Das Interior,Interior Designers,Interior designer,"Interior designer, Service establishment",743145,West bengal circle,Kolkata Region,North Presidency Division,"Chandua BO, Majhipara BO, Saliadaha BO",+91 72785 19842,https://dasinteriors.netlify.app/,,,"Das Interior, 743145, India",743145,24.0820099,83.65341599999999,ChIJVS-s32_Suq4RG4tSZZ0Vc3Y,https://www.google.com/maps/place/?q=place_id:ChIJVS-s32_Suq4RG4tSZZ0Vc3Y,part_334,2026-09-20 20:25:48,24455
coozycorners,Interior Designers,Interior designer,"Interior designer, Service establishment",743145,West bengal circle,Kolkata Region,North Presidency Division,"Chandua BO, Majhipara BO, Saliadaha BO",N/A,N/A,,,"coozycorners, 743145, India",743145,22.5354274,88.3473528,ChIJOZeAtJ2ArUwRbPjrisjIrDA,https://www.google.com/maps/place/?q=place_id:ChIJOZeAtJ2ArUwRbPjrisjIrDA,part_334,2026-09-20 20:25:48,24456
RNR INTERIOR,Interior Designers,Home goods store,"Home goods store, Hardware store, Interior fitting contractor",743145,West bengal circle,Kolkata Region,North Presidency Division,"Chandua BO, Majhipara BO, Saliadaha BO",+91 80 6275 7634,https://rnrinterior.in/,5.0,,"294, KGR Path, Halisahar, Kanchrapara, West Bengal 743145",Halisahar,22.9497312,88.4357464,ChIJG-qjEwCV-DkRNCjmGULsWrw,https://www.google.com/maps/place/?q=place_id:ChIJG-qjEwCV-DkRNCjmGULsWrw,part_334,2026-09-20 20:25:48,24457
